0.43068798085641347
1.9843771532949674
3.6398436233385594
5.293425597675807
6.698490813625513
7.403621865055356
7.871515715603153
8.196387698224466
8.164663308148512
8.165725414157016
8.63226054910621
8.587742637332704
8.671926652815827
8.949466500775019
8.966272050442894
9.178823559312125
9.164003892278789
9.223687805397727
9.37430139726003
9.138920202843613
9.446061960388496
9.619137174537316
9.815766236791381
9.789868689523399
9.589018844585258
9.696383976641215
9.611143550070212
9.709319512021958
9.757986119292939
9.716572279418884
9.67208501586428
9.804523001882211
9.758342613780743
9.74369583082367
9.731527424699133
9.806970364182982
9.8041366915076
9.798384481165503
9.711605077583664
9.7559802994929
9.838456405835723
9.810910420967579
9.909729737818127
9.96393091694254
9.97903186213184
10.05897603129494
10.057158622861918
10.068325219083862
10.023601387908883
9.984958823378024
10.047841779371382
10.026630975814847
10.017485119832136
10.030010723652191
10.026305017984447
10.021816698949944
10.079135786522377
10.041258986821548
9.99264967088329
9.994271053331346
9.994686941293672
10.033113237838114
9.982116802078863
10.043367520971486
10.02110060242254
9.986321479496036
10.043697699119916
10.02096900963995
10.039010274451218
10.064757765890581
10.087857927808107
10.113132854047183
10.099131637894216
10.126062320203198
10.15111304170947
10.181481992817687
10.167161133160377
10.108041333596635
10.107979777456462
10.086151487609445
10.03968135944543
10.071320937974686
10.093955173709825
10.051818224445487
10.00705947444384
10.066092201612571
10.037486664131306
10.009833010506917
10.049278352831
10.036344932655805
9.999019424447937
10.013222808488274
9.951580798412484
9.945915512712368
9.936247913391565
9.955101110691015
9.958632119395272
9.94958300337276
9.937665533759855
9.923762211766475
9.960090239491683
9.973891924733016
9.95848756683414
9.99298091509895
10.019806022249773
10.002793399090073
9.988786382067525
10.015428556437094
10.054448362100395
10.03419262517492
10.009443277501703
10.02396996404696
10.04117710289004
10.071794325522744
10.055532321918722
10.051698231067252
10.012078577165163
10.038382984208383
10.005940665174226
9.953958202213045
9.982978909145194
9.989556180390892
9.943219087444524
9.96516098251841
9.954264862137128
9.967743509810028
9.960356827850443
9.971820937470676
9.955003883234395
9.922641316747319
9.941183337638021
9.959842477875194
9.9645716942705
9.921862135923407
9.95283142542525
9.96121426014741
9.996185539785495
9.991799288457347
9.999104452704767
9.991080059667494
10.010012458968127
9.99932789971528
10.010727604313145
10.00253524074926
9.993873389073519
9.940572940670734
9.963427481166043
9.952404608901972
9.971687449446692
9.979472672947788
9.982713803216678
9.98037026774317
9.995569413148056
9.997821757226918
9.974400915992865
9.983245809009622
9.949516004423725
9.960465586656472
9.947978083924298
9.947940692642003
9.966434275299203
9.969700069575152
9.98991024396371
10.00423313885775
9.974344048534096
10.021106633994151
9.993763224592346
10.013899218941987
10.039383564451088
10.048726886305314
10.042213133581418
10.04689081529638
10.080363399128675
10.079837669185087
10.057336596515736
10.056776059120052
10.063681821063042
10.067764319244775
10.048118683205454
10.079950121180612
10.09175022385875
10.094399031498286
10.09624536269426
10.09485983381125
10.08033505217499
10.078983127432148
10.081917765040119
10.10257114134508
10.094457978948695
10.076208256216159
10.101111499597408
10.05645847392697
10.092705454982417
10.0701309793915
10.079525925236382
10.088589496102598
10.06264052948937
10.070777915136592
10.077116309749345
10.086309383474218
10.102560008715407
10.09274914140398
10.095187554038421
10.106582231863916
10.097296736937071
10.10678133435572
10.110165386787337
10.096380858815825
10.100705094191436
10.094028152957634
10.107201082010908
10.106310827903204
10.118318121085878
10.092780849987317
10.12130088036964
10.12035323425193
10.113810591374357
10.1156215734627
10.133711098691489
10.120059995611392
10.123129425301586
10.135901877252579
10.123672956201114
10.135301183042097
10.127579757846052
10.128848588998014
10.143825978328444
10.144544268182988
10.133390098875754
10.151458511035873
10.147170671059543
10.151597723589889
10.155284746688976
10.15576688256365
10.153561138736285
10.160534621062926
10.156084539580027
10.172409730197494
10.169165578096058
10.185783226641744
10.170116083762514
10.168572250788946
10.187911828546119
10.19790205623876
10.191606461359623
10.186881232343737
10.192651442858544
10.188331172930955
10.199306843859507
10.179741441722303
10.196394558259989
10.181356497498713
10.190894666460803
10.199189582581228
10.201047774725868
10.219356989297271
10.225211777335273
10.214560285480903
10.207339877387167
10.198806125806156
10.20866016331313
10.214751380607376
10.224090955498024
10.209446527726033
10.205665871875917
10.209895908930216
10.21696160167398
10.220476226171042
10.21808547683738
10.216369470879439
10.209062657707172
10.218196965253142
10.210665395984236
10.226288014960659
10.21433107774915
10.203378206005873
10.211055495666733
10.20581404555444
10.222039461633756
10.208397644180538
10.201529045849249
10.206717870481727
10.208200176027589
10.213155300431282
10.193264243250443
10.201898754828749
10.195616935147362
10.191406824681431
10.196433327190999
10.20548208590506
10.191699754270411
10.201503638201618
10.204131538216703
10.208879554423177
10.200830003093863
10.191160349624075
10.19117426681415
10.205398633997591
10.189354249468732
10.19277454678355
10.18793500134938
10.190040612279462
10.17349341810818
10.183785291877763
10.176580978104644
10.180504439055722
10.173320297797439
10.178559031426015
10.173135301294689
10.186911649048564
10.158675170760686
10.160148297992377
10.169724736996915
10.17518344203752
10.161025698225744
10.168167652689396
10.162491197321655
10.169738920758592
10.174846705931838
10.178807580859386
10.177819674665791
10.166414568551552
10.168990239187625
10.166360328389857
10.183082992279617
10.165941078248078
10.17527695337395
10.163857119121376
10.17093345280971
10.167003737082588
10.170497412493038
10.171735748226503
10.179211834036023
10.178647685010068
10.172354243359635
10.176471193419314
10.173664278340157
10.168758035218294
10.156519642114812
10.171444715426643
10.167108484880574
10.164153662554432
10.162842102656386
10.152074718771335
10.140710340653976
10.148004343003462
10.151989128716894
10.146419099776695
10.145016278641194
10.149543493678358
10.149187173969379
10.150162682428203
10.146860313958564
10.14670141342255
10.142247892959912
10.159169603524488
10.164686369591513
10.165627873127868
10.169753207023582
10.171219336745992
10.162462788532459
10.169090764808866
10.17285204182178
10.172005964347061
10.168899990595667
10.166922938346584
10.171043024006224
10.169897602424475
10.161866426384771
10.154480170201927
10.16691767656455
10.16043089813813
10.166548886038337
10.167810061871812
10.152147046734147
10.159440463572059
10.167247943351503
10.163067786477596
10.158985364574662
10.166714692741852
10.168060853061064
10.172252067200372
10.164788429281105
10.168310359204787
10.163946349731894
10.160822527618404
10.132215053961932
10.14931467355515
10.140673466830288
10.132243031616165
10.141904100056104
10.132645017399831
10.134421402831029
10.128854175813112
10.143599966041899
10.147611886459272
10.149241097920417
10.139105025428508
10.141407192907849
10.140826946323669
10.133514321666807
10.105970459168063
10.11979222177152
10.116706079860496
10.124721335429014
10.119759088650191
10.118935678000442
10.111670271717408
10.112546260702977
10.110748409182607
10.115845112394977
10.100236971024442
10.098614657981445
10.104735035186966
10.101020026834087
10.108441124444166
10.105717213307148
10.10618302036789
10.10490856966003
10.101876073874202
10.10369733658736
10.11020868300178
10.112818963793476
10.11501925161205
10.112663447334656
10.113856447928788
10.10458551891635
10.106816912411734
10.103032756593025
10.092694026783544
10.081856707677305
10.085122509678751
10.095841966328662
10.090128690670836
10.102345891997183
10.099715635949083
10.091839422036525
10.09441090848682
10.087148667878608
10.09492204316932
10.084540154453764
10.086665478450207
10.07860663991819
10.067260228149534
10.067617629589304
10.07102516566853
10.078629810588652
10.089894656742452
10.092559937850801
10.083673542298396
10.092333277955982
10.083933090001539
10.079500679451481
10.080383182834687
10.081384432362409
10.078951849655693
10.078780973692732
10.070284403182237
10.071365589212988
10.06721297659341
10.073748582363109
10.072041744744178
10.069910897751708
10.069521626420757
10.06903982817746
10.067006115080757
10.070002267397347
10.072451287223254
10.066073082459612
10.061519855843388
10.070984424556139
10.061129880846128
10.058613340442983
10.068222265960982
10.058802095733732
10.054885527884489
10.049102438855407
10.054407692116545
10.047868890822816
10.04501134522652
10.051454250043314
10.054134619810918
10.045909997792004
10.047379920279079
10.045042280504981
10.054851612378478
10.048959516238437
10.050517497578165
10.045170845314544
10.030886371327005
10.03727107667801
10.037634626656844
10.038552853224212
10.03774628296985
10.04484642625876
10.032725093570322
10.044691807097506
10.04661110203773
10.046520127342509
10.044705399681254
10.048117361061289
10.034224533867196
10.043208321974221
10.04825572687594
10.044385637069341
10.048342970703548
10.04217662504025
10.047881641442498
10.048346341700219
10.049532439794698
10.049303169598058
10.0451735518739
10.044540810479669
10.050943769853452
10.051399009094268
10.053872688422127
10.052670888154548
10.053736050535953
10.04989597700098
10.044645732632514
10.047083769433396
10.052739627711636
10.045636969864733
10.050335238590463
10.051133120230812
10.040898350976496
10.052498948415948
10.046865830686881
10.055036306244892
10.047664877001383
10.053616916331816
10.051549369107278
10.054596249725014
10.047689224715228
10.050065972952563
10.05212590539341
10.043451137218284
10.02645980753786
10.035687955564587
10.03381473562939
10.037285785119442
10.035420023835457
10.041763008511243
10.03176362705161
10.010410237789497
10.021844218493225
10.021568542527067
10.01716825584114
10.018318019661523
10.016507696666704
10.025880159426109
10.031146545287763
10.034076015658748
10.040389480669925
10.036614773403482
10.0457503232226
10.041789134091191
10.03601493242077
10.03354548780037
10.04895480333125
10.04392257253695
10.04106523128583
10.036967437693228
10.02905529219657
10.043924098705592
10.044806878350105
10.04613940085881
10.046586199687775
10.047008661628526
10.041845336458794
10.048319129750409
10.044887050754461
10.040976564235754
10.0486136877755
10.047628239229471
10.041578674105791
10.046751743299286
10.044867369677728
10.047770870289026
10.04092475974863
10.042126566733764
10.027993613898841
10.042986193236045
10.050275858227605
10.039024303655191
10.046536228533943
10.046145984410618
10.045649499856289
10.04399887891557
10.045330887563402
10.047675224984905
10.044250885398933
10.040107443576181
10.045506920548851
10.045218377976871
10.041610888661438
10.042398705529411
10.036927136825852
10.030646213027524
10.034670483625423
10.03775135278381
10.038421910490065
10.039606394454173
10.044359355558258
10.041151115122014
10.039746598776942
10.03777801344469
10.040262523427646
10.035002080035243
10.034042312247259
10.030547734354432
10.040689365914746
10.032725773775399
10.040950448598311
10.050938234736574
10.053758683454564
10.048400956578762
10.052363951069305
10.049174755220871
10.049569989986674
10.056979097324664
10.057983644511873
10.05683067050371
10.055015168882424
10.061081880517644
10.06922871484224
10.07047133448904
10.074040325165553
10.067740969267971
10.073866276573503
10.069153916729157
10.07015062905252
10.070179888483182
10.070289510440231
10.071070708419231
10.071057304253792
10.066180204233854
10.06815304964917
10.065559868857607
10.062297227348457
10.064300520893811
10.066740682038573
10.065206931940487
10.067563908907179
10.057171144990901
10.065224253358549
10.060144820433631
10.061006430433215
10.061576336019343
10.059957116379586
10.062287717704965
10.056494747267603
10.051166712419128
10.061544999511904
10.057767398029618
10.058666193513917
10.05807921009727
10.052515735471312
10.06234190896852
10.065046351176198
10.067602297588776
10.070106540569984
10.07013849830852
10.068562799951524
10.068354794259543
10.064762313600013
10.067814809193312
10.063892158816312
10.060945419769496
10.062744512229699
10.062719843087839
10.066117034298104
10.065895627007903
10.061624497517103
10.065717146129586
10.065623621181103
10.067031618426618
10.067170819447036
10.065472249482806
10.068126316949957
10.067960593320242
10.071090912564184
10.070830480093035
10.071840292168877
10.07152657568442
10.072398279458369
10.076469688996537
10.076250665478234
10.072192107208858
10.075956987677614
10.072961511445216
10.077622726811232
10.072205177173712
10.066811089963846
10.072357067458073
10.066656362687938
10.060505150218374
10.064079739008307
10.066059343529435
10.063248148245787
10.05976070266252
10.064900617693462
10.067288708698191
10.068748285494827
10.069589722547532
10.066965008781294
10.064870827420672
10.063021765293977
10.060151779636657
10.06366600527958
10.065955358375518
10.066856038137539
10.063362012804207
10.065120594407936
10.06592240659369
10.065249235418166
10.067226371451072
10.071819282677719
10.073100008699196
10.074184727250497
10.068558601405613
10.07689219989129
10.069268204539785
10.072105855435455
10.06938117873881
10.070476002599758
10.066882622522337
10.067665483303685
10.069946188261984
10.070797902276219
10.066949330122675
10.075299122380756
10.068584158635131
10.069512543287962
10.07513644115086
10.070859534641848
10.070860241454332
10.070732281146123
10.06950947819069
10.06999364084255
10.07219584400303
10.066765139293167
10.072362222092664
10.076577224747437
10.075690246128309
10.078420018199662
10.07653287790265
10.079514143541925
10.083908629761178
10.082293376833011
10.088053805730887
10.093809981001103
10.09319029300721
10.092195140030986
10.08962793548416
10.086939402287896
10.08434256521589
10.082791648110478
10.0838151459654
10.088169081259812
10.093466571940638
10.094290530825972
10.093936336453318
10.093701978290722
10.089091013835116
10.09328766855374
10.09448618396121
10.09209400212224
10.092943358103868
10.091434780594188
10.093622137906168
10.094799278744263
10.095369862836089
10.095883955009276
10.089961369736436
10.095723974631968
10.095315043495152
10.101681659304832
10.101106652826944
10.103187233391841
10.106737759456772
10.102110706712741
10.105537771782421
10.106221615450806
10.101781592339272
10.105175318607467
10.104645697406072
10.102357626527406
10.100532426014354
10.105186012292597
10.093854932263712
10.104759990633202
10.107638846423903
10.109341987233343
10.112003188642632
10.113682233388756
10.112401964139778
10.11318584062166
10.11180268532365
10.11001958463009
10.106533196593281
10.107994507477603
10.11067084644271
10.107662672444828
10.106178843092145
10.104887905345777
10.10863278238985
10.105983818809646
10.09960347321223
10.102228923204578
10.105160588707767
10.100521693435374
10.10471263217121
10.10500650280554
10.103733962046038
10.105607893441533
10.111965574475898
10.106740619772873
10.104353551455212
10.105518979836031
10.106273018513463
10.10344858544715
10.10853306518689
10.107719364626279
10.101827597027826
10.105895491225654
10.101719754295116
10.106160120503134
10.09847860409494
10.102527107656025
10.103211067253012
10.10382832084963
10.105129379261356
10.105990276336497
10.099937990338503
10.101679301492391
10.103563914516215
10.101527296187415
10.103704228672392
10.103498947949635
10.101203059596388
10.105155289357622
10.105423805357725
10.107942209593233
10.107554734142813
10.106483546497739
10.10486989801144
10.105741112277258
10.102418608606417
10.099983481732908
10.101579734197975
10.099133016442874
10.100348435877574
10.097054877434937
10.095976371297896
10.094145780612434
10.095951520193692
10.105054148543967
10.108067410573247
10.104641730275905
10.098504589976782
10.10008392721337
10.099497770911798
10.102403852950376
10.101890728381466
10.102531332116024
10.095032800759613
10.09872812618607
10.09220174165883
10.097874913259572
10.099788113780715
10.097799061384661
10.090512280875311
10.094531813385974
10.098342953549585
10.094731388446316
10.099683246418783
10.094302406140748
10.0976388957293
10.09941544075161
10.098958217279492
10.095799851108024
10.094602087586665
10.09649037447197
10.096691913627346
10.09931652303006
10.104186304215972
10.105762137499816
10.104314621532584
10.102225234544042
10.103338875308173
10.105173815701823
10.102925168010964
10.101608927703243
10.098143054537983
10.10526953624132
10.104929002635549
10.104376589028373
10.104660897546207
10.110924710513567
10.110257100814959
10.106936140330685
10.104417554681415
10.108200377297502
10.108049895196205
10.108085144501544
10.105423026833192
10.109808114206377
10.10518386373377
10.10664012586046
10.108853241764278
10.105275915094312
10.108925770195363
10.108275261063897
10.107942232345323
10.108754233739074
10.109799051195965
10.11133610222789
10.112919446785757
10.109688668825486
10.112007542932593
10.109434802508712
10.105536964292687
10.111823412600605
10.111319788923007
10.11489691681533
10.115808642025325
10.112225264020681
10.11102023755283
10.108006692223128
10.109874209055748
10.111516712800627
10.101184115595384
10.10524799425982
10.102949697846503
10.096723541130265
10.098851957399132
10.099329000442284
10.100711526062424
10.09675198210385
10.099352952945452
10.103052902310319
10.100523263973777
10.100880496331866
10.100367395972201
10.1006547589484
10.101410083990707
10.102130897487116
10.101106067042831
10.098617243735013
10.102228225821134
10.101268513608723
10.10528562395338
10.103758085266554
10.105369647491198
10.104915549595482
10.099680806462834
10.107553760156993
10.10371991886002
10.106292437579997
10.107810287940366
10.10795810419089
10.106154231802604
10.102796354295592
10.10592136108724
10.105286858190036
10.105145894850045
10.108607515111931
10.109330653314265
10.10872413927768
10.109287582976735
10.108066510546987
10.103436181089833
10.107263531712334
10.105850956767718
10.10826440496589
10.10808784132421
10.10707728027622
10.110072101023299
10.107126645649258
10.10524301628645
10.106365019875321
10.108259506809118
10.108697058661564
10.102612678502677
10.099184733386416
10.101467005737053
10.103700175836895
10.101529505222217
10.103547858075853
10.107008083832499
10.108505196348416
10.112654372285316
10.11109101913792
10.110363120063052
10.110177666009779
10.112653098512077
10.110925419482674
10.110555422602268
10.109921750298698
10.109344381166478
10.108892068407823
10.105919303011035
10.106652631516504
10.109414758438891
10.104274009820088
10.107043375532767
10.105451200858774
10.100276162343794
10.101817223415937
10.101824611467444
10.10115434469032
10.102342735758413
10.103156474524113
10.103693333421793
10.104640068819135
10.104724562118468
10.104340537759896
10.103359678257398
10.10114175274152
10.102315274282514
10.100993518501934
10.101850039936778
10.095344459471182
10.098443548825975
10.099522219472165
10.099220838300981
10.100495459387593
10.09992760427509
10.101181624264589
10.099693102409699
10.101492858508486
10.097918816628374
10.102026619716977
10.098516177642136
10.101548960105339
10.101945735287176
10.10178655428057
10.095331915787527
10.101039063627645
10.09857166368829
10.101725520572197
10.095598095064421
10.096754164032754
10.100026885164397
10.099497800308761
10.094747367562553
10.097769438495796
10.099062569292673
10.096177739742236
10.096717662437593
10.096907465570986
10.096732982667945
10.099801043921374
10.100265993834007
10.096898290524198
10.099829465591435
10.096315138026018
10.094927562708058
10.099960640651496
10.100224478746687
10.098121063567774
10.096993509001274
10.098026233235869
10.099094021381394
10.099284074715813
10.093887355330015
10.097561006399754
10.098985220688089
10.097672690723211
10.088745340332753
10.096167903083712
10.095715492866892
10.098556086093097
10.09824081695959
10.097944047224267
10.09323083196985
10.097481195271444
10.096700115723735
10.093658828439601
10.085890018093165
10.088582254548053
10.089779605046644
10.090454101247948
10.093643603902818
