2,200.683
6,695.491
6,1042.706
1,970.016
10,1724.7759999999998
6,1118.655
8,1685.0320000000002
1,1675.473
1,703.242
10,1675.33
7,1854.617
6,1613.154
8,1062.385
5,1619.292
8,1118.559
9,890.261
1,1580.479
3,1864.6019999999999
2,2640.485
1,1156.826
7,1224.018
2,1449.246
8,1492.875
1,1083.214
7,1033.65
6,1979.283
9,1482.249
5,2162.093
3,2108.258
6,1088.533
4,1188.413
8,1631.5729999999999
7,1536.4180000000001
8,1214.465
4,1282.001
3,1546.4389999999999
6,706.96
8,1338.752
10,1178.98
10,1647.067
4,1981.312
3,965.557
5,926.048
5,1844.338
4,2122.26
6,2791.111
7,1594.116
1,1648.752
2,2291.8360000000002
9,2517.321
3,2129.031
6,1595.0320000000002
4,1812.595
6,1839.078
3,2539.857
10,824.896
1,1606.27
8,1214.451
2,794.646
7,1203.114
4,1266.54
4,1077.929
4,1848.4189999999999
6,1705.699
4,1188.7930000000001
10,622.959
4,1228.571
1,1063.47
7,2663.2799999999997
4,1672.3400000000001
10,1464.604
6,1448.0140000000001
9,1211.9180000000001
2,1294.8319999999999
6,685.239
10,1649.809
5,2056.787
9,1547.557
1,649.71
3,1234.084
6,1248.328
2,2428.656
3,915.815
9,1705.362
3,2311.005
9,2354.548
8,841.762
1,1996.505
10,1237.304
3,464.777
5,1123.396
7,881.446
9,1186.172
4,1562.617
4,1526.1280000000002
4,3379.252
7,1861.719
4,699.866
2,2209.306
3,2209.479
4,1727.5410000000002
2,1936.1779999999999
6,1089.512
10,2082.521
9,2527.654
5,2484.435
9,1526.371
8,663.025
7,1371.925
9,1569.08
9,1824.26
7,1103.881
7,1985.566
10,1281.6680000000001
5,1063.598
1,1662.608
10,1267.874
4,690.02
8,1757.412
5,1605.354
1,1202.977
7,925.641
9,2515.242
7,2182.6
7,1996.4859999999999
9,705.249
8,1113.609
8,1701.607
6,1384.6680000000001
5,1133.203
9,1172.926
1,938.56
5,1652.79
4,465.216
6,1012.075
7,1719.6509999999998
2,1081.416
5,807.895
5,919.299
10,699.756
4,2721.986
7,798.494
4,660.25
1,1268.9479999999999
6,2548.848
9,1590.359
4,2895.0389999999998
5,877.723
2,1381.734
8,2102.552
6,898.006
2,1348.08
9,1965.7849999999999
6,3115.326
10,2029.111
8,1579.33
3,840.196
4,564.83
8,1150.859
3,2807.395
5,1329.882
2,1587.757
3,1602.3609999999999
3,1854.8
7,1069.549
7,1367.101
4,1652.016
2,1246.074
7,1267.13
1,1143.34
9,1661.2240000000002
9,491.997
10,1752.5610000000001
5,923.871
3,926.498
5,441.807
6,2246.527
3,912.426
5,2131.163
5,1731.491
2,913.345
10,1833.078
8,2037.28
7,1505.3600000000001
6,2890.084
3,1245.669
4,2080.159
3,747.846
7,1103.403
4,1479.795
4,2388.189
7,1047.98
7,2184.369
7,1405.593
3,852.355
2,733.312
7,1789.682
3,1269.33
3,784.468
7,1523.4279999999999
1,275.048
4,1508.8029999999999
2,1528.243
10,1947.231
5,1788.559
7,1712.8310000000001
5,2601.602
5,2143.05
4,799.27
7,646.767
10,905.052
4,1200.419
10,2218.1059999999998
5,1832.701
4,1588.438
3,1382.146
4,337.404
5,1514.138
4,2593.699
6,1555.083
3,2455.026
5,1349.058
3,2033.47
2,1050.629
6,1636.777
9,1587.5819999999999
5,1799.783
9,820.448
9,1710.262
9,2224.814
5,1298.274
2,775.549
1,1525.149
2,1698.701
7,1543.991
1,1450.654
10,2488.393
3,1443.655
1,571.272
8,2150.613
10,1694.925
8,1215.372
1,1481.911
2,1211.718
5,1432.666
9,1605.216
10,365.475
1,1482.152
9,2311.573
4,882.866
5,1098.657
10,1809.233
6,2283.613
6,1159.342
10,2072.298
3,1175.548
4,1118.663
7,1758.513
1,729.035
6,1042.404
4,2006.989
9,2189.683
10,1920.176
3,2323.94
2,1345.837
7,1237.9279999999999
3,974.244
1,1493.946
7,1353.923
8,1050.114
10,2792.424
4,1137.867
5,1922.9740000000002
9,1296.413
8,1278.137
8,1355.099
10,967.364
5,1471.121
10,1002.99
9,316.817
9,942.831
7,1971.132
7,2194.895
7,1454.5729999999999
3,1426.661
4,1204.317
1,1937.731
8,1317.127
2,765.811
4,1661.4470000000001
1,1433.7640000000001
1,1308.304
1,1809.155
5,652.043
10,865.533
9,1574.183
5,1165.002
10,1460.5819999999999
2,1415.829
3,1749.2820000000002
9,1762.788
8,259.544
8,1420.312
3,2450.536
2,955.236
8,1280.341
4,1807.279
8,1279.535
9,1714.021
1,1839.76
2,470.146
7,1515.417
7,1691.7849999999999
3,756.109
4,1544.355
4,613.068
4,809.247
3,1045.852
1,1498.379
2,2100.501
10,1720.7269999999999
7,1716.638
8,1535.123
10,2083.237
3,989.102
9,1245.848
6,529.36
4,1647.879
3,885.574
3,1346.708
10,1661.635
4,1913.1
5,572.978
2,1114.705
10,1410.174
9,1126.653
10,1237.213
3,1967.762
6,1997.1480000000001
6,2373.573
8,2299.616
5,1284.338
10,1474.384
3,1541.7910000000002
10,1977.609
1,1782.2849999999999
3,1390.397
6,860.664
7,1313.024
9,1489.836
9,1702.856
5,3236.51
3,1255.813
7,1560.487
9,1200.27
8,2165.53
10,1623.0810000000001
1,809.489
6,1941.3319999999999
5,3484.942
8,1191.669
5,815.764
2,2837.201
4,2178.583
1,1047.833
1,1387.127
1,2058.612
8,1105.522
10,1270.663
3,1681.217
7,2444.694
1,661.405
1,1904.438
9,1096.537
4,1403.705
7,561.054
4,2253.081
9,1235.738
6,1695.558
1,660.584
1,1032.466
2,1059.191
1,2408.16
4,1292.955
7,964.778
10,432.513
6,1695.841
4,1459.641
6,2233.736
3,1215.176
6,2108.782
9,1311.9560000000001
4,1877.3429999999998
2,1849.261
1,1567.367
2,1187.511
5,1186.694
9,1075.743
5,966.076
3,835.543
3,983.721
1,1979.768
9,1132.746
8,1309.8809999999999
4,1037.023
6,1365.943
6,2109.473
6,1845.699
9,767.579
3,1280.712
4,1561.3719999999998
2,1718.7359999999999
4,595.323
8,987.879
1,1987.479
7,831.54
9,1331.789
6,1380.949
9,1000.943
10,669.376
7,1194.054
8,1287.715
2,2920.955
10,1732.145
7,1413.103
9,945.723
6,1677.9360000000001
1,1495.774
1,2532.993
8,1152.443
5,635.338
2,1761.854
1,1535.521
4,1313.375
1,846.632
3,493.191
1,2067.076
8,1523.196
6,1560.7730000000001
2,961.016
1,821.043
6,1857.917
5,1018.902
5,1470.2440000000001
7,1981.505
7,1542.621
7,2190.691
10,937.799
1,2159.148
2,950.568
7,1457.1019999999999
7,1470.278
2,1778.347
1,2329.567
4,1274.215
10,1097.0819999999999
9,1701.851
5,1737.5839999999998
5,1218.021
5,1797.039
5,1437.1399999999999
6,941.835
1,2558.552
3,1619.066
8,2270.341
7,1411.152
5,1791.579
1,1412.845
2,676.491
5,936.993
8,1187.024
4,1426.663
2,1560.155
6,1495.179
5,2520.182
9,1990.175
7,1672.509
2,2437.361
1,1814.502
2,1289.314
3,732.839
6,2184.898
6,1148.07
2,2056.264
4,1101.497
4,1916.326
7,2465.814
7,562.857
5,2117.026
9,2351.626
9,1613.633
5,694.071
4,595.344
9,2107.059
5,1921.297
4,882.96
7,899.789
8,1552.804
2,780.294
9,552.771
4,1991.2150000000001
5,1165.525
6,1243.548
2,2364.773
1,1969.548
1,2124.704
5,1714.574
6,1511.621
3,1601.498
7,821.806
8,771.253
8,1452.33
9,856.111
9,680.164
6,1204.107
6,2444.764
3,1525.7730000000001
6,1075.239
6,1929.027
5,1099.722
1,2430.575
3,1970.1309999999999
3,663.437
1,1807.9070000000002
5,1514.316
5,960.981
8,1080.827
1,1496.512
1,1023.204
10,851.645
4,1430.6680000000001
7,715.124
9,1321.8809999999999
5,972.679
10,1528.587
2,2146.466
1,809.466
8,1402.409
7,1458.135
10,2424.338
9,1417.971
9,1053.127
5,1507.814
7,550.118
9,1269.258
4,2578.949
4,1292.011
5,1411.434
7,1687.851
8,1845.962
2,1155.669
7,1148.335
10,1439.608
5,1747.435
8,711.398
2,1876.327
6,1319.9
9,2262.572
2,1967.682
8,2021.706
9,2387.151
5,1109.685
4,1086.682
8,1976.4270000000001
2,1534.429
6,2102.76
10,547.513
1,869.227
7,2199.184
5,1220.2350000000001
4,1759.2179999999998
3,1561.864
6,1677.891
2,1247.621
9,673.138
9,966.045
8,1097.317
1,1393.288
4,1453.391
6,1438.366
6,1272.826
9,1212.96
7,1774.243
8,1192.06
9,1408.746
4,1471.368
6,2201.773
4,1834.05
1,1896.132
5,1310.253
7,1819.387
7,940.153
3,2304.745
8,2208.972
1,1278.238
6,1581.149
3,1525.629
9,2148.228
4,1188.744
8,1009.348
10,3635.388
9,1669.853
