6,199.73
10,1429.874
3,1110.311
7,1607.691
5,884.695
10,1792.7350000000001
3,1109.742
3,1182.978
6,1850.4
8,1331.818
5,1426.734
4,1190.0140000000001
10,2171.603
3,1559.25
9,444.401
9,2065.664
8,1562.708
7,1760.002
4,1373.0720000000001
4,1408.701
5,1426.059
4,679.362
1,1128.894
9,630.821
10,1441.092
4,600.488
4,1687.924
10,1604.71
1,640.603
8,1534.696
10,1048.387
7,1409.771
10,2594.219
10,1167.34
7,829.08
3,917.002
4,743.015
6,1228.182
10,1542.241
2,1565.675
9,1734.7150000000001
4,1098.263
4,959.866
1,2732.746
4,2159.867
5,1234.266
10,1972.737
9,1367.967
5,2245.703
9,2010.265
6,719.607
8,1926.429
8,1168.23
7,2164.806
6,533.312
10,1862.38
4,488.745
7,1541.306
3,652.995
2,1547.781
6,1519.0819999999999
5,1744.001
7,1286.4859999999999
6,1123.854
7,1913.595
9,1300.854
6,3009.883
5,1428.103
5,1353.605
8,1981.4189999999999
4,1092.343
3,1851.841
2,1598.536
9,1387.181
10,1590.0529999999999
1,1620.566
10,1599.903
10,1815.252
1,1817.9070000000002
10,1321.193
5,1354.297
1,1658.967
3,2306.931
7,1195.05
4,1929.109
2,1926.884
1,1818.364
3,1343.922
9,1820.9
7,1766.005
8,1442.473
3,698.321
7,1652.0929999999998
5,1160.616
2,1746.595
5,1110.421
1,1074.5529999999999
1,1439.9189999999999
1,2244.87
9,1914.5929999999998
4,1363.892
4,1165.535
8,1751.9859999999999
7,1006.789
9,726.784
5,869.222
2,769.556
5,1332.022
5,1552.3519999999999
3,1734.603
6,798.652
3,1998.392
1,1438.8319999999999
4,879.767
1,1970.4859999999999
4,929.471
8,1377.784
7,1762.7269999999999
10,1194.226
6,1057.588
3,1173.262
4,859.393
7,1052.731
9,2012.608
8,1780.621
2,1804.926
1,1281.596
4,1397.154
8,1538.726
7,787.35
7,1661.589
3,1785.897
10,1699.7820000000002
8,2344.727
6,1271.409
7,1312.87
4,1082.471
10,1259.48
4,1870.721
2,1774.626
7,258.221
1,985.923
8,2306.601
9,1254.073
7,1226.815
3,1213.508
1,1125.155
1,1960.893
6,831.946
10,1201.813
1,636.108
9,1879.551
5,209.005
3,1537.815
10,2384.733
7,663.765
1,1949.179
8,1721.4769999999999
4,829.25
4,1275.356
7,1473.372
5,1672.029
2,990.016
10,792.901
3,1932.473
3,1520.318
8,549.454
4,2678.064
8,1297.912
10,1304.465
9,1052.978
9,1004.01
2,1380.913
5,1868.134
7,1719.6889999999999
3,1218.452
7,757.567
6,1054.421
9,981.827
7,791.032
10,1536.137
4,1276.393
4,2549.861
8,1099.012
5,1223.752
8,658.183
9,698.663
10,1624.5030000000002
1,1572.103
10,1919.8400000000001
3,1940.676
6,2403.534
2,1032.129
8,363.042
7,1507.4769999999999
6,674.715
3,920.844
2,2516.275
3,999.123
3,1769.058
3,839.373
5,3104.435
8,2453.782
9,1519.234
9,1840.517
5,1954.656
3,1127.728
7,1386.961
6,2378.663
8,991.688
1,1258.564
1,759.345
9,1258.167
3,2069.348
8,1355.7269999999999
1,1899.1480000000001
9,1688.5149999999999
1,2376.998
1,2883.864
6,2096.636
8,736.063
4,1322.433
7,1949.147
10,2342.913
5,1513.855
10,1430.9189999999999
9,1989.644
1,727.207
2,1589.505
7,1007.84
8,478.232
6,2261.514
8,2359.46
5,2211.647
4,1782.312
9,1432.712
5,1207.323
3,966.335
1,2202.514
4,1985.483
4,1255.285
5,861.651
2,1239.109
6,755.874
1,1502.2730000000001
10,1704.638
5,1654.8980000000001
10,2334.867
8,2847.667
8,1944.762
1,1713.118
3,1450.931
3,2174.156
10,1771.713
5,1712.565
2,1150.261
5,389.15
1,345.194
5,1272.914
4,1283.857
8,1278.394
2,1122.76
2,1170.692
4,1032.923
2,1585.019
6,912.34
1,1746.188
10,1008.522
10,657.877
9,1096.405
10,2882.13
7,820.724
1,1447.214
5,1017.694
9,2138.324
10,2160.07
9,1244.167
1,2010.319
5,2357.328
8,1143.245
9,2461.171
8,1049.011
6,1470.848
6,401.598
4,1648.816
9,1763.577
7,1236.538
3,917.872
5,1095.298
8,2422.781
2,1357.666
1,829.582
10,911.428
6,2356.585
10,1354.54
5,1156.546
5,1606.1190000000001
7,1535.107
8,1685.109
7,1188.567
10,721.965
7,1622.9450000000002
2,1600.4740000000002
9,927.897
8,1200.609
3,778.026
6,904.372
4,2006.422
9,2026.069
3,2069.44
4,1134.769
8,1585.955
6,2311.546
2,2404.934
1,1260.521
9,1352.671
5,1148.723
4,999.997
6,1196.529
4,1347.571
3,1709.137
1,1103.916
4,518.831
7,748.031
9,2753.182
10,996.294
8,1543.701
4,895.484
5,2558.6369999999997
5,1087.281
5,2264.176
9,1792.161
7,841.069
6,1377.5149999999999
6,797.44
7,1714.5700000000002
6,1008.585
2,859.569
1,1268.9560000000001
7,1338.654
8,797.462
5,1804.943
6,1699.534
9,1264.652
4,1192.771
5,1037.799
4,2232.069
2,1707.4009999999998
8,1851.7350000000001
5,2149.358
9,1878.216
8,1121.637
10,679.335
2,2595.996
1,428.837
7,1311.406
6,1644.905
5,1938.761
1,584.609
9,1854.071
2,1195.69
2,866.688
6,600.29
4,2185.6059999999998
3,1161.815
10,2508.003
4,640.719
2,1200.742
2,1222.512
3,1564.392
10,1237.864
10,1258.066
5,1304.991
3,1661.35
4,2270.114
10,1762.5320000000002
6,2924.2219999999998
8,1132.031
4,944.771
10,1023.395
8,1387.017
9,333.582
7,999.704
9,1573.7089999999998
8,1699.426
4,2134.601
7,1958.335
4,1096.216
1,1486.417
5,1815.454
3,716.87
4,1495.558
5,1333.349
4,877.217
9,1516.704
7,941.042
3,1116.75
1,1890.017
10,1742.0320000000002
2,867.885
6,1800.547
10,1013.505
3,1766.7939999999999
3,787.275
8,1045.258
3,1267.5520000000001
3,840.472
10,1724.911
10,1780.63
7,1246.255
10,1799.6979999999999
2,1807.483
1,1119.534
9,1130.76
1,1028.657
5,703.746
6,833.244
9,1079.0529999999999
6,2015.866
3,2514.8940000000002
2,1532.874
1,1318.6390000000001
1,1126.429
6,882.236
6,1924.027
9,1987.899
7,929.824
2,1396.67
5,2470.944
4,1269.164
8,587.111
9,1024.025
5,678.288
3,1705.2559999999999
4,824.456
4,415.03
9,1181.713
7,2736.9610000000002
3,1616.937
3,1419.3220000000001
3,968.17
6,427.427
9,1821.9479999999999
4,714.119
10,1754.268
5,1088.623
4,1281.005
3,1688.726
2,1627.921
9,1055.812
8,408.122
7,925.131
7,681.266
3,1079.994
7,2617.321
3,2637.1459999999997
8,1573.083
10,1031.539
7,1267.511
10,1674.083
2,967.862
10,1234.936
8,1773.066
3,974.236
2,537.776
2,1526.865
9,1676.092
1,1231.6390000000001
5,936.608
1,2086.009
8,592.468
7,2032.871
1,1023.428
7,1643.009
8,1170.578
2,1455.1979999999999
8,2090.992
5,2150.276
7,745.63
7,2119.081
10,583.057
7,2248.61
9,1509.378
1,1316.716
1,1804.674
7,733.053
9,1735.479
4,602.395
5,659.11
6,1725.3310000000001
9,3777.94
2,1205.371
4,1181.132
9,1164.329
6,848.686
10,987.044
9,2212.383
9,1549.109
8,1403.405
9,2013.104
7,2774.2709999999997
8,1957.167
1,1588.411
8,777.313
1,1888.6399999999999
5,1048.614
10,992.547
5,1432.92
6,652.296
5,1872.7849999999999
4,808.597
4,1591.6979999999999
6,1165.874
9,963.969
6,1412.1680000000001
5,1311.011
7,1446.184
4,1430.892
1,884.974
2,1196.378
8,2586.148
8,962.087
4,2114.601
10,2609.314
5,1318.461
9,1913.396
5,1958.9679999999998
9,1496.65
2,1243.609
10,943.148
8,1353.715
6,1922.925
1,1546.0639999999999
8,1088.931
7,1069.562
10,1137.551
5,1588.65
7,2071.624
10,2475.393
4,1174.154
5,728.336
7,932.431
1,1576.8200000000002
8,1502.429
3,1436.838
3,1222.441
6,1864.344
10,1669.5819999999999
2,1162.552
3,1669.847
1,1466.75
10,1672.885
3,1273.152
4,2974.932
5,1418.973
2,1118.741
6,943.506
7,1544.2849999999999
6,2328.24
1,1147.599
4,1980.205
5,1721.995
1,1220.587
5,1010.958
9,2114.824
6,2229.809
5,1347.77
1,1117.985
6,1387.0819999999999
7,1574.4360000000001
4,2177.618
5,65.423
8,2741.437
2,1071.976
9,1103.127
3,1708.649
4,1093.777
6,1985.829
9,1998.3319999999999
9,1078.774
7,2243.011
1,539.635
9,1210.631
4,1914.319
1,1162.277
4,836.494
9,2000.706
8,1635.088
10,912.373
5,1966.208
4,1179.944
9,1725.3890000000001
10,748.116
5,903.863
8,1557.866
9,1674.255
8,1228.166
3,1617.587
5,2315.865
6,1092.4470000000001
2,1405.856
9,1808.281
6,1276.216
3,439.591
3,1008.582
2,1742.8780000000002
6,1214.908
9,2145.202
5,1908.121
8,2364.277
9,665.394
6,2948.714
2,1576.784
4,818.788
8,1632.955
8,829.377
1,1616.641
6,1452.029
1,1474.729
3,1298.686
8,2157.227
3,1252.584
