3,287.165
7,621.025
10,698.015
2,266.383
4,996.265
8,1070.861
1,2153.051
6,1448.905
2,1249.741
7,970.885
7,1643.0320000000002
6,1115.566
5,758.945
5,2161.504
8,1060.439
7,405.802
4,774.694
9,1659.681
10,1848.684
5,1820.1399999999999
4,2115.59
9,1678.3339999999998
9,2363.178
6,687.755
4,1058.482
3,1594.384
8,1033.975
10,1482.435
1,716.33
10,879.938
3,1585.575
3,1805.941
2,1336.759
3,1039.715
8,1172.227
9,606.333
6,743.887
4,1981.921
3,2749.455
2,701.894
9,2132.476
9,1940.272
1,1984.266
7,1381.233
5,1128.807
2,1503.004
2,1268.733
4,781.348
2,2640.307
2,936.706
4,1804.0929999999998
2,1444.107
10,1176.143
9,1718.056
4,1975.368
4,1445.85
4,1726.342
1,1837.257
5,1161.785
6,1940.058
9,2098.95
2,2729.161
1,1464.833
6,1833.239
7,1557.867
7,1886.263
2,756.046
4,2287.377
3,1338.285
6,2199.176
8,1699.691
3,290.98
5,842.777
2,1497.216
4,1435.8890000000001
3,1308.868
8,1439.2559999999999
7,1908.258
4,1128.756
5,2498.39
1,1012.524
2,1387.684
8,2642.997
1,1448.716
8,1255.108
8,2587.313
7,877.988
3,439.478
3,1295.184
8,1055.46
5,1525.8049999999998
1,1466.027
7,2104.57
7,1991.171
1,1504.451
9,1556.42
4,1427.958
3,1743.2930000000001
10,1679.9679999999998
6,1678.741
6,1370.086
5,1095.816
1,1942.539
6,854.088
8,926.333
7,1758.412
2,1568.22
10,1958.6509999999998
6,1615.895
8,1513.7820000000002
8,1325.527
7,1749.4850000000001
2,1099.701
9,2895.661
1,1009.596
7,1502.974
3,1455.141
6,690.398
4,1033.08
2,2112.523
8,939.744
5,2205.2690000000002
7,2103.638
2,1489.042
10,1589.231
7,1042.514
10,1079.516
2,1427.468
10,2184.92
4,1172.103
1,1344.667
3,1676.3899999999999
1,817.556
1,1275.542
1,824.14
8,1218.4180000000001
5,1312.151
1,1012.219
6,1299.478
1,161.329
6,1758.018
7,770.173
8,1008.942
10,1846.645
8,846.478
10,1292.213
5,1881.13
8,761.554
8,1352.156
4,1424.417
1,2230.056
2,1468.8890000000001
8,1112.762
3,1905.176
4,459.606
8,1022.621
6,1893.9389999999999
7,1090.661
8,1106.491
5,1547.1480000000001
8,1307.575
2,1212.437
5,2066.848
3,1236.008
2,1102.959
8,1165.669
7,1574.258
6,1972.892
3,1831.03
7,1201.728
3,1619.2530000000002
7,359.014
1,1431.563
2,1159.177
5,664.021
2,1961.3490000000002
8,1192.56
4,1375.925
9,1994.557
1,1408.673
3,1003.214
6,1232.676
5,1048.625
4,2130.849
8,2051.041
1,1062.314
1,1140.339
10,1911.626
3,1823.8719999999998
8,835.997
4,1017.685
1,2095.028
8,1918.338
3,796.793
1,1577.9679999999998
9,1389.966
6,1966.729
5,2125.581
8,678.494
7,954.386
10,1669.2640000000001
5,2583.401
3,843.944
4,2245.9809999999998
9,1610.2269999999999
5,2036.115
3,1084.632
3,977.728
3,1256.903
2,2251.547
3,785.642
1,2100.369
1,1625.921
8,951.472
3,1858.778
6,1560.091
6,1591.232
4,1522.386
7,1323.34
8,2290.9610000000002
7,644.944
6,2158.239
9,837.137
6,1215.633
6,2441.422
6,2220.523
7,1581.807
10,2150.324
2,535.239
1,1992.649
8,1647.453
5,2529.462
6,1462.319
7,1132.589
4,1855.342
1,1638.15
6,2774.795
5,1341.175
8,968.654
10,1111.586
3,869.012
10,962.411
2,1182.339
9,716.754
4,2682.049
2,1713.713
4,2361.178
1,2274.63
2,1612.925
6,1744.911
7,590.558
8,2737.92
8,1519.254
10,2776.184
3,1191.795
8,1749.517
3,980.755
2,903.765
5,2155.593
6,1216.972
3,1220.671
10,469.533
7,1248.819
4,1240.54
10,1810.2640000000001
1,2456.188
10,2554.484
9,1975.4099999999999
8,1639.217
9,1711.877
5,967.997
2,1654.588
5,2398.66
10,1623.769
7,1211.891
3,1825.219
8,1644.329
2,868.248
8,1836.643
10,2454.077
5,3061.898
2,1898.598
4,1184.945
4,1840.654
9,2348.319
5,1157.496
6,1182.095
2,1345.37
5,1358.441
6,1735.1019999999999
4,1405.199
10,2201.919
3,1564.613
10,2114.006
2,1347.827
2,1405.3519999999999
9,1868.388
5,1286.121
4,1058.147
6,1140.717
10,2095.596
9,1599.944
3,1630.414
2,1608.156
9,2455.232
8,2033.634
7,2595.791
2,1163.458
10,748.654
5,1303.88
5,1496.062
2,1128.886
9,1337.282
9,1326.742
8,1137.914
9,909.568
4,1735.988
6,1523.129
6,1469.049
6,1109.536
8,2137.343
3,860.026
8,1926.649
9,1744.732
8,894.064
7,1383.759
1,2210.124
8,1379.71
3,1549.339
2,1520.0320000000002
7,2277.477
5,1227.721
4,1618.094
6,1376.051
1,1349.659
6,1474.269
1,1326.612
6,2373.397
7,1078.103
6,980.881
2,1649.135
9,1980.181
6,867.618
2,1243.637
5,1580.868
5,1397.051
6,1067.735
3,869.523
8,1339.062
8,1831.6979999999999
3,1314.141
10,1185.469
6,1663.25
7,1078.352
1,992.952
1,839.971
7,1695.6399999999999
10,732.55
3,1298.93
5,1838.585
4,906.703
4,1781.4279999999999
10,2156.39
2,1341.769
1,1658.579
6,941.272
3,1539.45
8,674.942
8,1919.937
3,1742.5610000000001
7,1193.187
5,892.585
7,886.612
9,1510.45
8,694.352
7,1981.513
4,2217.79
1,197.293
4,1593.363
9,1146.032
3,1855.065
8,2469.192
8,1118.009
2,2244.619
1,1636.393
3,1072.141
10,1710.435
7,1314.34
8,910.403
4,694.182
1,1729.728
4,1438.391
4,1243.233
4,1902.208
7,1471.768
2,2126.475
8,994.172
8,1166.387
7,1275.057
3,1542.537
8,1316.407
8,623.072
3,835.633
10,719.74
4,1604.938
8,1082.5819999999999
3,409.993
6,1943.4070000000002
5,2355.002
8,1070.098
3,1212.145
8,2098.069
3,1463.4940000000001
3,1146.508
8,1275.801
2,1063.338
7,1709.214
8,1221.046
2,866.436
6,2248.451
2,2398.422
8,975.802
2,762.858
4,966.009
4,924.257
1,744.157
4,994.797
10,713.598
6,1906.1280000000002
8,1813.498
6,2302.306
3,1753.885
7,2068.124
8,866.602
3,1288.599
1,1216.898
4,1995.3890000000001
4,1218.136
4,1698.399
1,1379.468
3,2205.522
2,1109.071
1,964.764
9,1217.708
9,2057.458
6,1911.661
10,582.196
7,1817.6509999999998
1,1256.991
9,1441.464
1,766.208
8,1451.658
4,1015.525
5,1016.254
2,1800.438
1,814.452
7,1554.059
7,1425.413
6,1847.0439999999999
1,1229.598
7,2084.826
4,809.149
1,632.018
9,1709.2910000000002
8,555.709
6,1958.203
2,1279.162
8,1185.407
6,1392.15
8,1624.424
4,1530.954
3,1868.855
9,909.994
6,835.431
10,1140.339
4,1581.414
7,1293.943
9,904.335
8,1761.103
6,814.069
10,1689.449
10,2294.854
4,2220.634
10,2708.154
1,813.988
3,1310.183
7,622.2
1,1585.029
1,1313.018
2,917.875
1,1033.609
1,1119.664
6,2423.893
3,1953.912
4,2311.179
1,353.577
3,2206.417
10,1005.188
7,1553.539
6,1142.866
2,1298.686
7,1121.549
3,856.341
7,738.674
8,3102.414
8,2726.143
2,1494.532
5,550.357
2,543.058
4,751.466
1,1225.035
2,2486.0860000000002
3,1588.9279999999999
2,1838.2060000000001
6,1694.897
6,1590.455
10,2514.818
1,1663.467
6,1891.634
8,820.629
8,602.259
4,704.442
4,1916.02
10,781.924
1,1445.06
4,959.413
10,538.78
7,1530.211
3,1029.846
5,2445.098
9,1566.641
7,1306.184
7,1145.313
9,1330.132
8,1946.5410000000002
4,1990.906
3,979.35
1,1227.691
1,804.446
6,832.72
7,2478.657
1,1097.758
6,1252.544
10,2298.59
7,2446.449
3,1403.675
4,812.626
8,511.003
6,1128.423
2,1113.808
5,1394.22
2,1100.155
8,638.745
4,738.703
7,935.286
3,1746.682
2,1117.975
6,1801.932
1,2290.1059999999998
10,2035.117
5,1209.445
3,1619.4569999999999
5,1351.691
9,2153.692
9,1562.4270000000001
10,3045.939
7,1478.0720000000001
5,1750.399
10,1576.489
5,1467.128
10,2150.642
5,1275.3519999999999
2,1705.366
4,2803.1040000000003
6,1486.292
3,2109.429
6,1339.55
7,1073.129
4,344.482
3,1958.3200000000002
7,225.021
5,799.896
5,546.323
2,1093.186
1,1523.608
10,1312.474
2,1203.631
4,1656.453
5,1915.874
3,1476.717
1,2259.699
1,1578.6019999999999
6,1227.676
5,1050.321
10,1711.71
5,1295.3899999999999
3,1160.5819999999999
8,987.065
8,1009.798
10,1605.658
2,1706.612
8,1716.519
5,1153.007
5,1710.72
7,1053.595
2,1295.92
1,1602.083
2,2398.788
8,2766.901
2,1227.136
10,963.001
