8,417.439
10,442.396
6,1902.851
4,1043.171
8,1363.909
9,2426.24
3,1429.7559999999999
1,1978.089
10,1274.608
3,1173.366
4,1038.959
3,1934.129
5,1072.092
2,2605.254
10,1961.2640000000001
7,1167.679
9,1650.9389999999999
6,1570.3049999999998
3,707.016
1,1780.3029999999999
9,1811.783
6,1149.365
10,1441.439
5,1163.274
8,981.068
7,1693.875
8,1481.226
2,1625.202
6,2173.443
2,1239.998
5,1451.291
2,1160.805
2,1754.6860000000001
3,1296.383
1,1189.385
7,1108.248
3,1635.339
6,2731.452
7,1287.335
1,1033.614
6,1571.752
9,1727.284
7,1680.059
10,2008.654
2,961.824
2,853.036
6,2596.367
3,1760.353
10,1179.274
4,1808.071
5,2184.036
9,584.131
1,779.813
3,1724.3319999999999
4,1766.467
8,1378.155
5,1905.691
10,1784.716
5,700.521
3,1499.44
3,1166.195
2,1509.687
5,1724.779
4,1595.7359999999999
3,3165.065
7,938.567
2,1864.522
2,747.652
6,1464.415
5,1878.845
4,1459.0520000000001
2,1549.94
6,1051.67
4,1195.255
9,1097.638
3,1782.171
2,1661.851
9,1380.092
8,2374.541
1,2082.831
3,570.338
7,901.522
8,1080.458
5,997.852
7,1167.948
1,2195.204
2,2260.7889999999998
3,1080.901
6,1360.887
2,2054.248
3,1014.149
1,1437.5149999999999
4,603.01
8,913.202
9,1394.94
5,253.116
1,1414.278
6,1319.069
5,1949.857
4,1977.1509999999998
6,2363.411
9,2282.522
10,1447.975
7,1196.222
2,1171.49
3,1542.51
7,1094.902
3,1068.205
3,1038.8029999999999
9,1147.507
10,1534.943
10,834.562
4,1807.4160000000002
10,2589.157
7,2206.872
5,1673.086
4,605.203
3,1543.578
5,651.455
5,1091.402
2,523.374
8,1043.648
2,1615.083
10,1125.225
2,1181.852
6,1548.925
4,1131.291
6,1541.929
2,1136.578
6,853.51
7,442.658
10,1282.041
3,2001.193
6,2152.82
5,1609.97
6,1142.157
2,1432.565
3,1384.48
2,724.693
9,2149.7
6,1367.775
10,519.905
6,1619.967
6,1604.711
2,1353.442
1,1318.912
1,1986.591
9,1256.315
4,769.109
7,1493.13
6,717.257
9,346.966
8,1660.0439999999999
9,882.019
1,544.389
2,919.601
2,1167.855
4,1159.145
4,1825.047
3,769.252
5,678.842
7,2022.84
3,1248.862
2,1306.204
8,1666.371
4,1250.621
1,1884.653
6,560.949
6,1795.73
2,3231.115
5,1295.717
1,2233.243
5,655.342
3,1639.0259999999998
5,1866.529
6,963.314
6,1772.238
8,1660.925
4,1383.866
10,1699.5819999999999
8,1228.929
5,1179.802
2,1950.728
5,580.461
1,2076.529
3,1409.9270000000001
4,2090.295
3,1491.894
1,1298.315
8,760.546
6,930.718
7,1751.355
4,2811.658
4,556.09
9,1147.092
7,2001.851
10,1767.808
10,1813.242
5,1476.204
10,1087.184
4,1385.478
6,1356.394
1,1903.257
10,1511.8029999999999
6,1293.778
3,1593.008
4,1648.62
2,2338.797
3,1579.618
1,651.784
8,2090.942
8,1865.633
3,1231.313
9,948.19
2,2283.669
6,1284.443
7,2224.296
7,396.785
5,2000.763
5,748.79
1,735.798
9,3137.998
3,2204.037
4,1071.295
5,2010.252
3,1312.384
9,987.836
5,1958.877
7,1835.184
3,2383.825
5,1007.608
7,2484.937
10,871.581
10,1039.226
4,2267.739
8,1186.586
3,739.373
10,1824.2640000000001
10,2495.758
6,1269.719
2,716.698
6,1815.359
4,1574.623
6,2749.557
3,2042.979
5,2007.803
9,2300.775
10,1662.031
2,1983.27
10,930.083
9,2151.992
4,1233.422
10,2179.514
9,995.531
4,1720.752
8,1343.138
3,1838.712
8,1267.566
2,1723.412
1,748.682
4,1642.7350000000001
10,1465.6109999999999
3,568.079
6,1209.251
10,1572.738
8,2318.999
10,1758.693
6,827.496
7,2131.54
5,884.633
1,1484.888
4,1315.399
9,2023.004
3,725.214
3,1353.2350000000001
9,2445.285
3,684.221
10,2250.089
10,1020.179
6,1252.267
9,1186.149
5,1528.9850000000001
1,1214.839
5,1274.3899999999999
2,157.348
10,1360.133
6,1340.654
2,2041.563
9,1100.549
3,523.939
7,1380.107
9,1229.102
5,1239.519
3,1611.816
6,1449.157
1,861.076
7,856.355
4,1482.325
6,2313.346
5,1219.209
9,987.322
8,2058.774
7,1802.429
1,1854.0430000000001
3,1390.373
9,2122.898
10,1390.724
9,1071.507
4,2733.096
6,1275.225
5,976.366
3,1064.432
1,1089.357
4,628.778
6,910.338
4,1009.347
9,1405.12
9,1238.5
1,1325.997
9,1597.029
3,989.737
9,1433.613
2,1309.821
10,957.696
4,1884.2759999999998
5,1761.703
4,1132.157
9,1030.011
10,2227.3360000000002
8,2796.7309999999998
2,1274.566
1,797.061
6,1535.5259999999998
4,2017.861
4,1823.76
2,1358.27
10,1040.106
2,1693.9189999999999
4,2270.215
7,1490.116
6,1660.241
9,703.438
8,1502.266
5,1165.438
2,1511.454
6,1538.646
6,1156.874
2,1014.822
10,939.262
5,1264.79
10,1785.479
5,802.506
6,693.801
5,956.459
3,1364.946
10,672.43
10,1298.53
4,1668.8600000000001
9,1709.95
6,1007.932
5,1829.042
4,1915.5320000000002
2,1987.3339999999998
8,2099.767
4,1531.577
8,1474.137
4,811.896
8,1613.63
2,1364.391
1,2093.627
1,658.892
6,1841.008
1,1506.767
8,1275.47
9,915.576
10,950.836
1,1590.216
10,1094.744
4,1577.2060000000001
10,2257.88
7,1178.036
7,1405.188
4,1159.944
9,1093.248
2,1812.47
6,1115.955
3,1292.804
4,1009.363
10,1457.534
9,1812.009
4,2316.749
6,911.065
5,1849.923
2,1765.1660000000002
8,896.452
1,922.268
2,1860.742
2,1523.106
5,1675.797
6,997.766
2,870.565
10,1958.722
10,1393.451
4,934.179
7,1721.3719999999998
7,1555.424
8,1452.605
8,1030.591
10,1451.238
6,1535.653
5,746.845
4,1652.51
2,2095.302
4,1694.4589999999998
5,878.432
5,1286.306
7,2569.99
2,984.248
3,1328.355
5,1030.274
9,1835.502
6,1149.126
2,1501.435
6,1045.001
8,853.216
1,1407.708
6,817.295
4,1547.609
2,2043.365
10,1230.3
10,1513.4299999999998
2,2018.724
7,1271.385
1,1275.233
6,1009.436
6,1463.164
5,2031.95
4,1772.202
9,1062.21
6,1369.33
3,1873.202
2,1144.3600000000001
8,861.52
7,756.572
5,1049.696
9,2149.882
6,1135.375
9,1628.655
6,1096.388
2,1246.254
3,1422.491
4,1009.09
3,2140.659
1,2174.96
2,1542.899
4,2295.337
4,1857.379
8,1701.988
4,2243.846
5,610.119
10,1245.333
1,1194.149
3,2222.652
1,2037.667
4,1545.492
8,1666.72
8,837.504
9,2436.85
10,993.221
7,1219.663
2,1473.061
9,815.357
6,948.317
3,1410.694
2,1195.549
4,1517.987
8,2340.774
10,952.653
6,2788.837
2,1017.144
7,1340.446
4,1517.511
8,625.604
3,959.521
5,1274.62
3,1493.471
4,1107.621
7,1527.5439999999999
5,1693.6219999999998
5,1057.973
1,1312.91
1,1792.714
8,1006.691
10,1445.1309999999999
2,1367.164
5,1157.574
1,1453.096
10,1491.884
7,970.207
4,1562.136
10,1193.596
6,1126.121
7,1635.768
1,956.651
6,1445.68
3,2129.828
9,1130.469
8,1199.403
1,1892.049
1,653.203
8,748.879
3,1050.862
6,1424.488
3,1484.43
10,939.268
2,1398.91
8,1992.005
10,1286.984
6,1938.196
8,1904.812
1,1365.378
5,1453.26
8,1076.311
4,558.543
9,1694.887
9,1265.328
9,1248.614
5,1541.0230000000001
4,1180.93
10,1471.897
8,589.266
10,1219.8
9,546.718
10,1285.9189999999999
8,1548.594
2,2209.98
1,1014.782
6,1609.289
9,1027.908
4,1879.912
1,1953.617
6,1164.435
7,2528.958
7,1772.8310000000001
6,1471.815
8,2710.4539999999997
6,1676.8339999999998
6,1416.9940000000001
9,1872.359
2,919.128
10,1803.5259999999998
10,1582.81
4,1078.845
8,583.178
1,2099.63
10,1152.972
8,1823.475
2,1313.31
5,1278.56
2,1301.615
7,974.681
1,848.236
3,774.545
4,1907.938
10,1145.241
10,377.271
4,2509.172
1,753.073
10,2114.401
1,2080.976
6,1534.991
3,1293.203
4,745.716
1,1509.3600000000001
4,2205.63
8,928.642
2,2207.274
7,1256.3899999999999
6,420.007
3,1780.596
5,1127.475
4,2293.471
5,1260.3609999999999
6,274.026
9,615.284
7,1837.354
6,503.666
10,1890.98
8,1739.0720000000001
3,1559.923
2,927.469
2,1551.879
6,1432.145
2,1111.953
7,1477.442
10,2815.1440000000002
3,2212.451
7,700.541
2,787.904
9,1104.258
7,2555.2290000000003
4,1321.984
7,1131.435
8,2099.219
5,250.711
9,1954.739
6,1324.946
3,987.111
6,2233.489
5,2151.622
9,1196.468
7,2069.371
3,530.134
5,3460.319
3,675.655
7,1748.022
