7,497.136
7,391.214
10,1020.547
5,839.275
10,1436.1779999999999
9,1274.285
1,1246.202
2,1769.3319999999999
4,627.565
7,793.929
8,1889.731
8,1784.774
10,957.893
4,847.188
5,1363.001
5,1537.38
5,2430.38
5,981.372
7,1547.597
3,2056.604
7,2111.266
9,2260.521
9,1102.535
7,1941.246
10,1972.1509999999998
9,871.133
6,1153.588
3,1790.292
8,1856.484
9,949.123
3,2672.432
8,212.326
10,1183.726
7,1487.662
9,2590.319
2,1871.393
10,1671.702
7,2107.172
3,1229.355
3,1181.537
2,1522.757
4,764.829
4,1419.555
9,783.943
4,1870.3809999999999
4,585.885
1,2178.057
9,1551.0140000000001
3,1435.612
9,2359.2
6,715.575
3,1189.813
6,2877.4719999999998
4,2195.557
1,1215.989
2,1479.106
4,1361.3600000000001
3,1110.393
3,886.664
2,1115.784
4,1520.467
3,2162.883
1,1854.094
9,2346.918
3,1286.8
7,832.496
6,2069.515
8,1521.355
3,1723.74
9,2447.113
6,1598.614
8,1076.956
5,1027.32
6,1589.058
6,1189.931
2,1315.7559999999999
10,2536.616
6,1021.947
9,846.197
10,1782.671
3,1029.545
7,1768.126
6,1622.1570000000002
9,2055.666
5,2057.662
1,808.362
6,1581.25
2,1575.2820000000002
6,1069.099
6,1440.782
5,964.032
6,1030.261
6,600.13
5,1464.9479999999999
4,827.569
1,941.858
1,1017.991
2,873.329
2,508.565
5,1149.71
1,1585.263
5,1797.011
10,2138.679
3,201.154
9,958.103
6,604.513
8,1403.7269999999999
7,1372.965
9,931.447
7,1216.358
10,2150.564
9,1449.746
4,2032.793
6,954.745
10,1994.511
5,1588.1799999999998
7,1879.4389999999999
10,997.364
8,2290.473
4,1103.778
3,877.062
1,1976.145
4,1809.184
10,1247.848
1,920.202
1,2336.955
10,2116.498
3,678.619
3,659.573
8,457.5
9,1542.3339999999998
2,1360.41
6,1420.683
3,945.613
1,1160.748
8,662.207
10,1649.518
6,1095.951
6,1279.9470000000001
10,897.359
7,948.132
7,1190.747
7,1021.517
4,1924.3980000000001
4,1686.4969999999998
3,1289.02
5,1334.888
6,1205.753
3,1294.75
5,2116.993
5,1058.857
8,995.655
3,549.221
7,1976.866
10,2187.493
8,859.191
3,2108.518
1,2998.93
7,2198.736
4,707.767
4,1848.679
10,1206.598
8,1833.4940000000001
3,1048.895
4,974.973
6,1882.613
6,2700.813
1,1309.395
4,1097.187
7,1588.987
4,1476.8899999999999
6,486.271
10,2017.234
6,511.443
5,1800.384
6,1467.761
5,1837.647
3,1500.53
6,1482.513
3,1825.812
1,1408.7
9,1175.8600000000001
6,1926.071
9,1532.75
9,2207.047
10,1758.2359999999999
1,1469.026
1,2227.456
5,1503.266
7,607.529
6,2015.224
5,2204.967
3,1490.063
9,631.242
2,1652.067
8,1141.479
5,2287.615
1,1553.801
10,1969.94
3,985.354
1,1804.356
3,1592.691
9,1205.278
5,1451.095
7,1529.6770000000001
1,1253.493
3,819.827
5,1469.8980000000001
7,253.895
9,1212.357
1,2342.754
9,1690.929
5,1688.522
2,1394.964
9,1611.065
1,916.59
9,1408.8890000000001
4,1129.0149999999999
3,2316.874
6,1348.853
8,1785.771
7,504.607
8,1253.946
6,1079.83
3,1207.9180000000001
2,1633.1950000000002
10,2046.657
6,1582.246
10,1534.016
1,910.428
7,1677.665
8,705.725
7,1070.528
9,1321.065
6,1967.4479999999999
1,1929.144
5,2125.09
9,1700.325
1,1539.047
8,2353.562
4,2084.798
1,2255.0
4,1766.902
6,1552.549
6,1179.577
4,2031.445
6,1594.1480000000001
7,2406.767
6,1198.939
5,1719.529
7,2227.708
9,865.491
4,1902.363
7,2308.831
7,1244.968
2,1549.1860000000001
8,519.819
5,816.632
3,1685.538
10,857.047
7,2250.64
2,2123.346
10,2169.5860000000002
10,1294.761
3,2071.946
5,1317.4940000000001
5,2296.561
3,772.637
9,801.761
5,1412.382
8,1253.284
1,1439.4270000000001
6,2202.375
4,2054.905
10,1993.03
1,938.253
4,2097.146
1,1431.401
1,2543.169
4,2494.351
4,1158.636
8,800.369
8,956.14
6,1058.534
5,1090.298
8,1844.8339999999998
10,1129.624
4,2415.42
5,1668.879
8,2171.506
8,1902.813
8,782.742
7,1445.725
3,949.865
1,1479.75
8,1179.573
5,1288.208
5,1796.342
4,2081.925
9,1668.0430000000001
1,1218.9180000000001
2,1967.0700000000002
9,778.928
8,1819.114
5,1852.95
5,988.175
8,1680.875
4,1520.4180000000001
7,1320.08
10,1534.835
7,2020.388
9,1603.6779999999999
9,1658.516
4,683.922
9,1625.462
6,1125.296
2,2366.439
2,744.917
5,636.021
4,965.823
6,1531.571
8,2289.5860000000002
4,708.153
4,764.776
6,1425.243
3,1179.282
8,2734.109
9,1519.739
7,1274.734
8,1456.202
10,1196.3029999999999
3,1628.411
5,1530.8600000000001
7,1624.076
5,1402.73
5,1047.995
9,2279.816
10,1820.1799999999998
9,2216.063
4,2101.345
2,1288.808
10,1200.48
1,1396.1399999999999
6,2338.349
9,2000.663
7,584.733
4,1722.101
7,1614.337
8,609.424
9,1000.143
10,1594.748
1,948.816
5,1958.211
1,1444.01
3,1776.272
6,1526.4270000000001
3,1669.87
3,1563.85
8,945.753
5,1977.899
4,561.459
4,1724.737
3,1751.989
7,1002.617
3,1345.862
2,1818.505
4,2070.272
10,2038.983
5,862.384
2,1078.183
8,1131.102
8,1480.921
3,1580.4
5,460.629
3,1485.753
6,2325.851
9,1346.987
2,1340.77
6,1438.103
10,1721.0430000000001
6,1412.722
10,1068.5720000000001
5,1908.512
9,482.827
2,1967.2640000000001
1,1163.878
5,1215.848
6,1863.712
6,1298.959
5,2239.982
9,2896.241
1,858.851
3,2232.0389999999998
10,2291.014
1,2059.741
8,1563.117
4,1720.766
3,1094.613
9,1397.1
9,874.572
4,1013.884
6,2550.937
9,1553.117
10,2182.776
6,2060.013
6,1267.826
2,1390.571
6,1188.606
4,604.026
1,1403.136
8,1624.504
10,1439.0729999999999
6,1871.3780000000002
3,1346.6309999999999
3,578.045
1,2232.693
3,2373.706
8,769.818
4,1846.835
6,1523.586
1,933.124
4,1868.683
3,843.427
4,1323.529
9,1365.825
2,1175.824
10,2250.389
2,1227.62
10,1827.772
1,1292.538
7,789.771
6,1593.991
5,1514.1
3,944.721
8,2199.122
2,908.667
3,744.639
2,1744.0529999999999
1,1688.85
10,942.534
10,1336.704
3,1642.767
3,662.971
1,2459.8469999999998
5,1136.227
3,1308.906
4,1084.101
4,1523.777
1,1628.879
3,1360.675
7,1718.2060000000001
9,1970.679
2,702.709
8,1998.4279999999999
9,1633.806
8,1791.42
8,1486.328
7,1085.446
9,371.058
6,1473.964
6,981.43
5,1528.819
7,1074.468
9,1587.316
1,912.419
8,1053.091
2,1818.004
5,1595.58
3,2386.351
2,1418.224
8,1011.082
5,1664.3490000000002
6,1305.937
8,1838.245
7,2395.996
6,1637.337
8,785.37
4,881.267
9,1124.901
9,1932.158
2,2080.472
10,1664.829
5,1998.563
7,938.55
2,1972.6770000000001
7,1788.42
6,944.819
2,1115.557
8,1185.01
5,1658.2559999999999
6,1597.95
1,2157.727
7,1172.079
9,1813.559
6,1438.24
7,1560.5
9,2106.024
6,1119.309
3,940.64
1,567.457
9,2305.837
9,2267.107
3,1658.9189999999999
6,1675.1970000000001
2,1560.341
7,1145.442
4,1906.8690000000001
1,1141.897
2,856.099
7,1448.067
10,1639.923
4,1708.9850000000001
2,900.807
4,2309.0299999999997
2,790.243
10,2080.7309999999998
4,614.292
1,1077.575
3,1324.845
4,1088.25
10,2796.3869999999997
8,2094.898
8,1631.096
4,1994.921
4,1080.735
4,1681.595
4,2014.182
1,1409.3319999999999
10,1397.446
7,1944.9189999999999
6,1852.799
1,1560.344
3,1667.362
5,1181.059
10,1289.911
10,1181.098
5,1434.716
1,1448.4189999999999
1,1150.371
2,1484.53
5,1639.833
8,1106.732
6,880.246
8,1954.772
8,2048.15
8,2125.785
10,2826.043
7,1469.503
5,1432.779
9,1856.268
1,2363.812
4,1868.531
7,1309.8980000000001
8,1066.988
1,764.284
3,845.747
7,2039.983
5,1491.179
5,1042.237
10,2583.277
9,2723.423
3,785.036
10,1614.973
1,1263.615
3,2120.961
10,1509.445
1,1353.167
6,1780.467
6,1482.365
8,1153.351
10,2036.175
3,1756.9160000000002
5,2179.954
7,2280.516
8,2417.795
10,413.056
8,1911.208
2,1670.6689999999999
9,1658.758
4,1322.097
1,1414.257
9,1170.645
2,1730.027
3,2108.938
10,1554.356
7,2033.294
10,942.155
3,1958.191
3,1921.779
10,1498.074
7,1194.672
5,2127.17
1,2015.169
6,1660.911
1,2039.121
2,2201.114
8,1168.932
5,1453.843
4,1155.294
10,1969.865
10,2810.777
6,1648.473
