5,441.69
3,717.433
3,578.46
6,1458.772
10,1575.327
3,1929.952
1,2046.039
2,462.169
5,1023.295
6,1034.136
2,1480.916
1,1211.6390000000001
4,1287.871
10,1992.882
5,2074.025
4,1119.569
6,835.907
9,1647.446
2,2246.53
9,1108.491
3,1109.495
10,2120.034
6,1868.487
10,1578.299
9,1024.258
4,1430.694
8,3110.145
6,1416.368
8,875.997
3,1214.527
3,1850.204
1,2156.574
2,1862.858
8,1943.374
1,1962.158
9,2159.791
5,1924.386
6,963.72
3,562.73
6,1122.3319999999999
7,1288.116
3,1242.6399999999999
1,1926.422
5,1799.999
1,1927.646
5,793.85
1,951.943
3,2499.949
2,1679.882
9,1295.253
9,1960.778
6,1465.229
8,1554.1190000000001
3,775.959
5,1360.858
2,2000.59
4,1388.825
6,613.268
10,1615.8220000000001
4,1894.6799999999998
2,1216.441
7,802.575
10,1077.166
10,876.762
2,1892.1570000000002
5,2374.4030000000002
3,736.275
9,1521.783
6,959.244
8,2325.178
10,1412.738
6,527.223
2,1307.5520000000001
7,2116.323
1,1052.938
2,2092.455
7,1883.325
7,1109.468
6,1773.702
5,1686.6950000000002
10,2102.763
8,1545.38
1,1257.0140000000001
6,1934.516
8,868.854
1,2176.741
3,1452.001
5,1869.55
9,1541.469
2,1562.99
9,1417.899
5,1698.449
6,578.027
7,1693.1599999999999
6,1546.406
8,1670.426
9,1515.95
1,788.241
4,1360.2359999999999
2,986.299
3,758.326
3,620.297
2,980.783
3,2170.103
8,1225.797
5,1166.166
5,1564.175
6,1611.464
5,873.17
2,1455.509
8,2373.57
10,880.65
6,795.995
1,1112.884
2,1308.4470000000001
2,1533.63
6,222.706
2,1102.8029999999999
10,669.967
1,2211.551
3,1290.292
5,918.865
10,2605.06
9,1372.9940000000001
3,1423.758
2,2481.446
9,752.732
10,65.032
10,1836.3890000000001
6,1583.28
1,1167.607
2,1387.213
10,1152.612
8,1586.752
6,906.693
3,391.296
10,1257.6779999999999
2,1729.4560000000001
3,1141.453
9,1158.141
8,1441.075
8,849.611
8,1528.408
8,2546.712
3,2506.209
6,1703.4389999999999
10,1814.463
6,997.768
2,776.699
5,1446.025
8,1126.011
5,1767.9360000000001
5,1148.057
2,1876.002
10,1928.894
10,410.191
3,994.375
7,993.971
2,2472.1549999999997
9,1998.0410000000002
6,1224.916
2,1266.339
1,1637.0810000000001
10,1456.865
3,2636.8559999999998
7,1010.209
5,1017.022
1,1401.154
5,1824.066
4,1086.04
5,1778.434
2,992.721
3,1758.0259999999998
4,1320.229
4,2031.623
9,2394.804
6,1852.3020000000001
8,1163.6779999999999
6,2410.346
6,904.167
4,1821.508
4,1449.9850000000001
4,839.489
9,1283.262
2,1155.586
10,1529.143
5,806.378
5,1554.845
3,1113.027
7,1406.95
5,1929.226
4,1520.359
3,2010.923
7,1064.472
5,1678.876
10,1710.0529999999999
7,1617.036
6,1172.404
10,2290.71
10,810.599
4,2379.807
5,1036.285
9,1809.484
6,2015.341
9,1411.441
4,1551.2649999999999
9,683.847
4,1646.364
3,2182.058
8,366.109
8,1863.434
7,1930.9769999999999
4,1166.826
8,1578.595
4,1167.329
6,1244.866
9,1518.426
4,2225.376
8,2023.606
9,2394.207
5,1773.5990000000002
6,2026.968
8,1593.298
9,1809.528
10,1434.975
9,1257.686
1,1116.384
5,1708.152
1,793.082
8,1422.642
4,945.628
3,1951.2240000000002
2,1868.6509999999998
9,1809.3319999999999
2,741.647
5,2143.73
8,2283.679
3,1593.251
9,1011.835
2,1698.9389999999999
7,700.844
10,1970.137
1,1841.3220000000001
6,2134.94
5,866.163
6,1704.454
10,1994.162
6,2824.123
7,1283.1970000000001
10,2549.59
6,1044.445
10,1061.276
2,1320.0230000000001
2,1081.379
7,2142.799
7,2017.301
4,721.628
10,1917.495
10,1833.9299999999998
8,3113.301
8,1121.742
5,1195.962
2,1777.891
8,1400.658
5,1445.949
6,471.801
8,1453.287
7,956.996
1,986.558
3,1142.504
6,501.741
8,1374.413
7,1566.067
9,2496.421
6,1969.712
1,896.683
2,1395.975
1,1539.272
5,1365.339
4,1031.234
8,1677.3020000000001
6,1037.859
5,1854.231
2,1961.866
6,981.394
9,1199.585
7,1689.8400000000001
1,1568.085
8,1572.634
7,1708.871
7,1318.21
10,1536.991
1,1638.425
3,395.642
2,1942.22
5,935.378
1,937.464
5,1736.5639999999999
10,2342.05
9,1735.841
5,1411.877
6,2368.17
2,1206.166
9,1423.301
1,1137.878
1,706.592
5,885.952
2,1960.616
5,2293.008
8,2244.152
2,1500.859
10,702.997
10,2272.544
10,2087.45
6,1614.366
2,956.703
5,1290.357
5,1126.395
8,1899.354
1,2026.535
5,904.164
3,1272.05
6,1637.883
3,942.902
10,1268.666
3,1081.091
6,1690.981
9,801.135
3,957.351
9,816.951
2,1553.8339999999998
1,1618.348
3,979.559
2,1529.1860000000001
10,1460.497
2,1837.529
4,2380.271
2,1063.416
1,1149.138
8,2377.1440000000002
3,770.018
2,757.73
5,716.558
4,1460.362
5,1136.722
2,1195.881
6,2719.275
1,2040.664
3,1263.366
10,2376.252
3,1527.141
8,1387.28
1,1156.62
3,1634.824
6,921.527
6,1107.853
3,1143.969
6,899.552
9,1047.177
10,223.486
8,1535.3490000000002
3,949.929
5,2030.354
2,1087.247
7,724.396
8,1122.723
2,1178.7930000000001
8,996.393
9,1682.421
6,2457.14
7,1573.976
10,1443.281
5,1737.213
3,646.553
10,616.092
7,1293.454
9,1121.281
7,1162.7640000000001
4,861.041
1,739.751
5,947.428
4,1085.658
1,1505.4569999999999
2,953.849
7,2187.662
8,1512.4099999999999
9,1182.12
2,1442.181
2,1604.299
1,780.973
1,1666.882
4,1338.426
9,1894.638
9,2308.733
2,1407.896
1,920.526
2,1287.29
7,1404.6399999999999
9,800.227
10,2209.827
3,667.263
6,2226.538
1,2383.932
1,1022.335
6,2233.932
4,1602.9099999999999
9,1398.942
2,1520.086
2,1643.279
10,1377.885
1,1422.117
2,2039.262
1,1337.22
3,1891.242
3,2123.297
9,2456.497
7,2046.7
2,1734.562
8,780.723
3,1031.609
9,2764.404
2,1416.018
2,1991.87
1,611.749
10,1949.7359999999999
3,1087.202
8,1409.104
5,1620.8609999999999
2,1405.695
10,1010.877
7,777.604
8,751.692
3,1646.992
7,2669.1040000000003
9,1915.191
10,2004.166
9,712.417
6,1669.164
10,1832.1979999999999
1,1346.629
3,1961.2759999999998
3,1665.036
1,1624.231
8,817.941
1,1056.959
8,689.645
3,839.685
10,1307.66
6,1764.592
1,2086.813
8,2921.084
5,1177.471
2,1288.973
6,681.776
8,716.258
8,1280.96
3,2110.078
3,738.735
7,1058.301
3,1010.316
10,2475.567
5,584.712
9,1623.531
7,1567.48
4,1109.951
6,2149.973
2,1390.496
5,1208.967
7,1652.899
5,1019.502
3,974.167
5,2010.757
10,1789.0320000000002
6,1501.675
2,1725.588
2,1789.9940000000001
2,1871.837
1,1032.488
1,1781.931
7,1939.188
6,1514.671
3,1828.471
7,1004.427
6,1849.671
6,1397.1689999999999
2,991.037
2,1148.429
4,2118.553
2,537.043
9,1499.672
7,1728.674
8,1974.4569999999999
9,971.505
5,1731.92
6,2027.153
2,1289.983
7,1085.875
6,1993.092
4,993.217
8,1366.806
7,1605.9740000000002
7,1470.016
1,2066.803
5,1814.775
4,861.757
6,903.188
5,1190.867
2,1298.38
2,737.454
1,1261.8890000000001
2,256.97
9,732.089
10,1767.0230000000001
3,1137.067
4,1522.435
6,1386.345
9,1109.054
1,1035.999
1,586.594
4,1144.484
3,478.676
4,1294.411
5,875.866
8,1070.791
8,1388.063
10,1048.469
1,637.653
4,947.511
5,1823.21
6,1752.094
3,653.933
6,1593.213
9,588.25
9,2270.094
3,1872.376
1,971.115
2,789.166
4,2647.692
3,2875.274
10,1029.113
5,566.982
10,1590.042
3,1424.903
6,1313.799
7,1868.783
5,2223.068
1,786.267
1,788.924
7,1704.2069999999999
4,982.37
2,990.258
1,518.482
2,2454.409
6,1793.1219999999998
4,1321.87
6,1346.162
7,1352.863
3,2001.675
7,978.805
1,2485.534
1,1617.883
6,1449.453
6,1177.167
1,1138.003
1,1195.56
2,1637.626
4,2344.629
9,1281.268
10,1044.863
10,1572.104
3,1287.738
7,1548.645
4,1172.716
4,1464.341
8,1787.1570000000002
3,2096.813
8,2362.313
5,1041.38
9,1335.941
6,1845.524
1,1024.897
1,493.284
8,1381.854
9,1329.776
3,485.47
2,1758.4769999999999
4,1585.125
7,1587.295
3,2372.377
10,1089.648
5,1683.687
7,1661.266
7,1550.221
5,853.055
7,1063.476
6,1540.754
4,1598.5030000000002
9,1640.008
3,579.569
9,1780.071
8,1878.368
9,1139.462
10,1945.8200000000002
10,1590.022
1,2100.205
6,1324.172
2,1673.85
2,987.296
9,960.036
3,1293.827
3,911.725
7,1229.948
8,1397.341
10,1305.039
1,999.316
4,1952.906
1,2181.134
10,2431.893
5,2145.264
1,920.989
