1,565.061
10,505.69
5,720.377
8,1460.708
2,2256.978
10,1332.258
4,1927.964
4,1289.463
10,2345.995
7,1618.217
6,1219.302
7,1152.483
3,660.508
4,1265.826
8,2078.931
3,1868.809
5,1286.781
7,886.934
8,1694.911
2,1295.703
1,2302.065
5,1481.904
1,1839.681
2,1390.374
5,1419.08
4,1971.784
10,490.676
1,1736.076
7,761.665
2,1029.149
10,625.395
9,2036.828
10,1375.825
5,2477.4610000000002
8,1195.413
6,1752.534
4,671.337
2,1569.469
8,2046.041
8,1381.013
8,1437.216
7,955.934
5,1229.7930000000001
7,1081.064
8,1984.431
6,1636.7730000000001
7,1670.455
3,1960.255
8,1388.0819999999999
7,1920.109
10,2372.469
2,679.664
8,1867.0610000000001
6,2061.758
8,2382.332
3,2847.895
1,2068.976
8,1753.8980000000001
7,1900.116
6,1764.0030000000002
9,1071.167
1,435.805
6,739.968
9,1223.302
8,3229.322
8,1509.363
2,744.529
6,1419.902
6,442.75
7,2787.6459999999997
10,2119.926
8,1586.5
8,763.68
2,1596.0720000000001
4,1197.057
7,764.688
5,1947.854
9,1171.466
3,2647.66
3,1500.2559999999999
8,1274.45
5,1175.124
7,1153.574
3,1418.718
5,1700.3029999999999
1,2795.7889999999998
5,1538.329
9,785.421
3,1340.968
4,1973.892
5,1050.63
1,1373.383
1,1793.201
3,1202.927
3,967.381
6,578.285
9,1172.2930000000001
1,2028.251
9,886.204
7,1055.534
10,2014.294
10,1437.161
9,2269.149
8,1034.351
6,1170.57
6,1423.857
6,1729.267
7,1107.512
6,2608.755
10,1777.7640000000001
4,979.035
4,202.291
2,1401.661
10,1069.251
8,1303.901
2,1979.039
8,1091.902
5,714.078
1,1577.6599999999999
9,1706.296
7,2014.049
9,1525.491
7,1504.175
2,1315.031
2,1565.027
9,1453.476
6,910.886
1,1906.559
8,1915.882
7,2018.421
8,2265.642
10,871.1
3,1152.692
5,1270.4189999999999
8,603.151
3,1541.943
7,1520.583
6,2235.424
10,2193.748
8,1320.156
6,710.88
2,1073.147
4,1060.137
7,646.365
3,2587.243
2,1315.187
7,533.673
6,1493.923
5,1072.815
5,921.652
7,574.564
5,3242.533
8,1808.5839999999998
8,1995.617
7,806.446
4,2572.471
8,1206.058
7,1046.267
6,2004.792
6,1692.159
2,905.52
1,508.574
10,1314.354
8,1532.38
1,2342.791
9,1051.119
1,1657.3400000000001
3,1906.0520000000001
3,1914.579
3,1704.257
9,1573.767
3,775.618
4,1281.368
9,1723.234
8,1761.516
6,1725.821
3,1015.638
10,2115.737
3,1760.856
3,2064.507
7,660.135
7,1966.017
5,1888.1970000000001
8,782.441
4,1814.223
3,1540.5610000000001
9,1454.062
3,1280.422
6,1793.902
2,937.576
9,1186.403
2,2216.39
2,1519.9969999999998
2,1201.122
3,1408.766
1,1299.528
2,2070.503
3,1191.249
6,1089.7069999999999
7,1152.705
7,2147.251
10,1569.587
2,1208.032
2,935.632
1,1418.4569999999999
3,1974.068
9,1616.134
10,1172.591
4,1398.7930000000001
6,962.742
1,904.303
10,1641.353
7,1262.195
5,1623.4479999999999
8,1369.3690000000001
1,2182.48
4,1541.586
3,1857.194
9,979.71
6,1975.9160000000002
10,1757.027
6,1286.2069999999999
3,843.299
10,2505.483
10,1765.356
1,1853.134
4,1899.424
6,1266.472
3,2605.4049999999997
3,1136.396
6,1909.337
6,1607.382
3,1256.991
7,1603.107
7,1649.1019999999999
5,1561.612
8,1193.666
9,1518.425
10,2418.486
5,1521.009
8,2149.081
2,1222.706
7,1931.085
3,1339.105
4,1375.5819999999999
10,1682.245
10,1325.416
6,937.819
4,1908.3200000000002
9,957.696
3,2826.686
10,1964.1219999999998
1,1108.933
2,2137.335
3,2121.109
7,1516.405
1,2050.386
2,1761.4479999999999
7,1460.645
10,1980.121
5,2558.382
10,1114.364
10,2323.375
3,1264.498
1,2384.599
1,943.995
2,2561.054
2,1809.9189999999999
2,793.677
3,1888.63
8,731.549
6,1352.41
6,897.837
9,1162.769
3,1008.567
2,1545.211
6,1485.8029999999999
9,1040.65
6,1428.692
6,439.331
2,1342.411
10,1088.063
4,1023.885
9,1830.233
3,1023.0889999999999
1,2042.85
7,646.407
5,1432.4859999999999
4,1069.0529999999999
1,1373.21
6,1705.3609999999999
8,1366.578
1,1374.904
8,580.766
2,1334.603
9,685.914
5,1291.725
5,677.853
3,2257.993
8,1748.328
10,1522.844
9,1932.7
5,3305.05
2,1639.359
2,1009.121
5,1194.938
1,835.501
1,1934.0990000000002
10,1120.788
1,1398.88
8,1472.433
3,1395.929
7,798.423
4,2023.948
3,1096.4180000000001
2,720.795
1,2102.2309999999998
6,1039.48
10,1615.606
5,1247.615
8,703.841
2,463.029
10,2082.958
9,2544.832
4,2098.121
8,1052.101
3,2479.659
7,1329.237
10,610.395
2,1414.3890000000001
5,1899.73
2,1343.4859999999999
9,1243.233
8,2334.308
9,1476.513
5,927.697
7,1236.922
7,1755.304
1,2152.7690000000002
5,1939.5
2,671.541
10,2420.835
3,893.207
5,1611.045
10,2058.55
3,1108.011
7,1819.854
4,1148.348
9,1627.507
6,1437.8600000000001
9,1022.316
6,1309.164
8,1190.312
3,2277.813
7,1064.228
9,605.23
8,1305.279
10,2620.697
7,1182.436
3,1707.175
2,2503.271
9,767.283
8,1399.585
4,947.893
9,1095.994
1,1332.038
10,2008.239
10,1841.547
3,1140.09
7,1107.258
3,1532.496
8,1827.879
2,1022.568
2,2205.95
5,2880.057
8,970.163
6,1297.647
7,1239.12
7,1401.3229999999999
4,1780.754
4,1568.6219999999998
10,1140.358
4,992.274
10,1561.038
9,748.656
7,1023.593
9,3440.667
2,1267.738
4,1046.709
8,1273.777
6,1680.4160000000002
9,1543.958
3,1669.025
2,1910.067
9,1344.8029999999999
2,2835.801
3,2180.648
3,1403.649
5,1221.343
1,1029.558
6,1229.215
1,1769.301
9,1029.378
9,2072.64
7,1694.745
10,1858.915
7,1494.8
10,1100.248
5,1807.638
3,1379.288
6,1365.384
10,1620.9450000000002
2,2126.259
4,1192.907
9,1110.095
3,1560.844
2,1763.214
4,533.16
9,200.177
10,867.879
1,1376.421
9,2057.271
3,1411.9479999999999
2,1110.765
8,470.926
7,1736.3899999999999
10,1079.853
8,1824.214
2,1928.363
4,1529.953
1,968.088
2,1150.446
4,1212.094
7,549.61
6,1476.571
8,670.566
10,1081.692
1,1870.992
3,1084.531
10,921.683
3,722.915
3,1087.329
3,1254.913
9,2106.983
7,2127.696
7,980.181
2,2404.835
10,1700.848
2,2067.342
4,1087.717
10,1803.3319999999999
8,2385.556
10,1092.037
5,783.447
2,712.999
6,1753.589
8,1962.5320000000002
10,1185.018
6,1092.335
7,1631.923
6,1857.257
4,1826.728
4,2318.858
9,1631.7089999999998
5,1334.026
10,1556.98
3,1615.533
6,874.925
7,1628.229
1,2136.559
8,1775.516
6,1713.591
5,2096.503
5,941.416
9,2053.547
8,829.062
3,1660.211
8,1792.192
6,1218.105
2,1792.234
10,1826.45
3,1362.2930000000001
8,1005.15
7,997.065
5,1889.238
5,1255.359
8,792.027
8,1994.741
1,822.43
2,857.736
1,2015.021
7,2714.391
9,1227.15
3,1116.723
9,1142.409
2,924.824
10,606.517
5,2373.875
10,1518.6480000000001
7,658.273
5,2290.348
9,1432.604
5,1538.858
7,487.73
10,1118.125
6,1400.18
1,1394.085
6,1676.545
8,1034.643
10,1171.731
6,1200.67
7,1398.734
9,1261.8229999999999
9,2599.2619999999997
2,880.524
6,315.964
4,3130.089
7,1225.739
3,1430.3809999999999
9,2623.306
6,1335.655
1,2077.478
10,1427.192
5,576.601
5,2180.475
6,1650.8809999999999
1,544.981
10,1215.726
5,2085.143
6,718.384
5,1226.355
9,2122.744
5,1167.115
3,1778.568
2,2637.6369999999997
3,1591.344
1,1052.837
2,750.966
5,1104.131
9,2291.3360000000002
2,1342.893
7,1298.98
7,1331.282
3,2321.573
8,1508.715
1,1540.013
10,1444.305
10,797.088
5,1261.868
8,592.421
10,934.065
8,1544.623
10,797.062
2,1708.884
9,2134.741
2,2175.738
5,1006.441
2,2000.522
3,1408.49
9,2301.965
1,2327.511
5,687.862
4,839.756
7,1530.125
10,1901.379
2,2229.31
5,1322.309
5,1394.249
4,1857.385
2,1182.169
8,1898.5900000000001
7,900.027
9,3002.989
9,1676.953
4,1275.726
10,1663.104
5,1399.088
3,1728.7730000000001
7,1136.041
2,1514.586
8,871.35
10,1385.004
1,855.972
6,1595.762
2,1395.272
7,574.388
1,2390.963
9,1627.72
10,1256.643
10,1378.944
7,2219.648
2,1199.446
7,1785.221
6,1128.196
7,1686.857
1,935.409
4,1415.257
7,2012.148
7,1805.824
3,1505.508
2,1849.156
6,1144.472
