6,949.563
2,665.028
9,1408.52
1,1398.394
1,852.457
1,1965.646
3,730.435
7,862.932
8,2201.581
6,1197.315
6,962.746
9,1087.44
4,1311.879
10,969.256
7,2042.159
2,1542.961
4,1286.4560000000001
2,1743.4389999999999
5,2431.317
1,1418.446
7,1830.759
7,2120.84
8,795.723
7,918.069
4,1056.659
6,1061.805
1,2201.203
1,1455.594
10,1119.291
6,1241.094
2,2405.389
9,1884.21
10,1209.887
1,1747.017
5,1488.5720000000001
8,821.099
8,1159.307
8,1080.403
10,1173.537
8,998.547
5,1072.351
2,1146.165
5,1469.799
5,1515.241
1,1365.0439999999999
9,969.527
8,1575.078
6,774.311
2,1164.469
3,469.839
4,2946.744
7,2642.175
6,1426.701
10,1501.3609999999999
1,2477.871
7,854.585
2,790.59
7,1765.155
4,1161.949
1,963.598
10,997.548
1,1714.616
10,1313.115
2,1621.617
1,2826.1369999999997
10,871.062
10,2036.65
5,2019.038
10,2540.86
3,2645.525
3,2138.986
7,921.362
2,1879.78
7,756.134
8,1003.225
6,1243.096
4,1112.932
9,2384.462
10,980.873
7,1403.407
6,1913.353
9,534.997
1,2101.474
10,1544.089
5,1630.534
8,699.719
6,2304.402
8,923.838
9,737.571
10,1154.097
6,972.162
1,1166.626
2,1509.499
6,1624.391
4,1091.909
6,1560.069
6,1675.876
1,1509.959
1,1279.182
7,1529.028
7,1896.692
7,1616.679
9,1984.868
2,1797.17
4,1679.4859999999999
6,627.625
2,2469.666
1,711.096
3,576.311
1,2730.8450000000003
7,1152.16
9,523.313
8,1285.33
1,745.665
8,1682.096
1,1772.864
9,1679.924
7,2259.8940000000002
10,2218.935
9,1613.252
2,878.815
6,1724.9
8,1232.473
7,855.617
3,1182.902
4,1082.025
5,902.956
4,2081.908
5,1592.341
7,961.562
1,1436.461
10,2162.895
10,863.386
2,1188.205
8,1365.146
7,861.28
10,2001.504
1,1352.19
1,2312.534
9,1938.29
4,1317.564
5,1465.7269999999999
8,1155.031
7,1329.621
4,1345.8899999999999
5,2249.653
8,909.35
7,2165.251
6,2687.458
9,1553.53
6,455.203
1,562.325
10,1990.705
5,1481.574
5,1117.5
5,2421.65
3,1608.3029999999999
4,1645.4940000000001
1,952.259
3,1963.437
8,1021.524
1,1361.615
3,1721.853
5,875.869
1,1445.175
3,978.556
3,1471.386
10,1347.912
3,1972.135
8,1695.056
3,1574.37
8,1820.473
1,974.681
6,974.393
5,1058.142
6,2067.932
8,1674.029
2,2024.527
2,1558.797
4,806.436
5,2099.707
10,1449.036
5,1945.929
7,1989.763
8,1190.943
6,1805.097
6,1016.955
3,1606.9070000000002
3,1221.279
7,1002.148
9,1686.248
9,2007.079
1,1991.406
4,1582.7530000000002
8,1612.771
7,1516.012
6,857.451
5,1529.3229999999999
4,1546.088
7,1840.829
2,977.257
10,627.928
9,1419.519
10,640.56
9,2216.987
10,1725.783
3,1638.502
4,1308.165
1,1495.558
10,2308.963
3,1223.351
8,2295.898
2,1767.683
2,2751.124
10,2627.455
10,1195.967
10,2155.06
1,1907.134
3,1130.524
2,1254.348
8,1356.84
8,1158.073
1,1369.467
7,864.756
8,1940.854
9,1763.23
10,1023.84
6,2096.707
4,1830.7849999999999
10,1302.578
4,733.597
5,1393.165
7,1374.254
4,904.831
4,1869.563
5,1634.016
5,1451.944
8,859.642
10,2577.587
7,1696.679
8,1776.432
5,832.113
2,1827.7530000000002
10,1194.992
1,518.966
2,2361.496
9,1961.743
6,2373.654
9,1443.316
7,865.156
2,1562.768
6,1200.646
6,3043.367
4,2732.553
8,2320.52
1,1007.392
7,1619.1019999999999
1,1846.049
2,1950.329
9,1282.752
3,1854.827
5,1013.687
3,2371.614
4,1406.385
8,823.427
4,1978.388
3,918.176
9,975.533
2,1592.44
6,1008.478
1,2365.588
5,1199.792
5,1339.991
4,1107.605
1,1127.471
8,1362.43
1,1434.613
9,2329.926
6,748.0
9,1460.657
1,943.751
9,1839.271
9,1374.805
4,2090.238
6,1701.183
9,1179.858
4,1494.507
3,2040.728
2,1322.442
1,2090.053
2,1726.461
7,516.939
4,782.951
5,1184.311
3,1731.8809999999999
5,1223.344
8,2064.272
10,1530.395
8,1507.0149999999999
3,952.09
10,3558.312
2,1366.52
5,1615.608
5,1469.892
4,811.238
8,960.303
2,1039.705
10,1264.451
2,1223.2069999999999
6,1551.022
10,3003.33
2,1380.069
3,1835.8400000000001
9,1683.387
4,1435.821
7,2032.203
8,740.63
7,514.258
9,1166.811
3,1254.124
2,1959.92
3,2108.125
10,956.534
8,1639.9180000000001
2,1183.304
10,2107.738
3,1871.301
8,550.621
6,1139.52
3,1129.636
7,1841.4070000000002
9,1859.721
7,1331.689
1,2074.604
1,908.669
10,1221.581
9,1962.608
3,800.446
6,1099.836
10,2005.614
2,822.841
5,2103.309
2,949.155
2,1091.558
3,1492.746
7,1274.613
1,1176.284
6,733.717
7,1365.8519999999999
3,2787.0299999999997
3,1349.48
5,1546.491
9,1245.492
8,1567.315
4,1634.3429999999998
6,1428.922
10,1738.7240000000002
10,1440.366
3,726.658
6,1200.425
6,2909.866
10,756.503
9,1874.066
1,1682.812
2,1822.5819999999999
8,642.894
8,2069.392
3,1900.172
8,1283.52
5,790.075
5,1360.313
9,1315.287
10,1446.875
10,1366.334
5,2491.171
6,1365.873
7,1445.4479999999999
3,650.819
1,805.313
2,1153.347
4,1751.114
6,1199.324
3,974.238
4,1677.067
9,2410.408
9,1830.8719999999998
10,1143.612
8,2391.9139999999998
7,2023.533
1,2424.692
6,1533.092
7,2176.0389999999998
3,1573.7730000000001
7,1807.145
9,2855.57
8,2281.324
7,1069.981
10,1570.533
6,1206.347
8,1644.387
9,1216.009
2,1937.9740000000002
7,979.139
1,2042.11
10,2079.451
8,1065.077
1,1624.337
7,689.918
5,1844.3339999999998
4,1354.52
9,1786.601
6,244.477
1,1187.863
9,308.932
1,953.782
7,769.639
9,2428.628
9,2556.465
7,1557.028
8,1097.916
8,1687.221
2,1049.252
6,820.879
8,1565.121
8,928.065
2,1754.387
2,1062.595
9,871.795
5,1126.143
8,904.475
3,1382.422
7,970.523
3,1079.831
6,1666.784
8,1326.204
7,1003.684
4,1219.478
3,1254.122
10,690.103
4,429.751
9,1352.615
2,902.03
5,993.762
7,1968.9650000000001
6,2102.081
10,1623.738
4,462.22
4,1768.2820000000002
9,1463.1399999999999
1,698.502
1,1179.965
10,1338.07
9,1698.411
6,1081.835
5,1077.801
5,1341.076
1,1521.585
4,1762.383
8,1372.094
5,1866.638
10,1120.219
3,1455.284
3,1934.801
10,1834.471
4,2132.446
7,1992.277
2,1850.086
2,727.13
9,1418.665
3,1322.843
3,1377.931
2,1176.077
6,1842.246
1,1256.209
2,622.865
7,1790.232
1,1399.644
4,1405.813
3,1923.3319999999999
3,1818.504
3,1017.065
10,1922.421
7,1980.51
10,1559.608
8,1682.4450000000002
9,1069.445
2,1548.161
9,2058.419
5,660.657
3,1604.574
7,1352.926
1,932.56
6,1822.24
4,661.797
2,1260.806
4,1952.364
9,1945.952
8,2008.927
6,749.106
2,2054.339
2,927.19
10,1037.646
8,1139.655
3,532.286
6,1746.454
2,1753.642
6,1454.152
8,1056.662
9,1946.217
6,2139.175
6,689.841
10,1508.442
2,1959.618
1,1090.537
6,1163.794
3,1348.654
1,2661.4719999999998
7,1559.5030000000002
9,1461.375
10,1957.138
5,728.99
7,1817.4160000000002
1,1367.649
8,1813.687
10,1756.405
7,1762.1109999999999
3,1431.282
9,1402.671
4,2574.364
3,1244.819
10,1979.37
2,860.061
5,1376.1480000000001
8,1160.903
8,560.548
6,994.967
6,1818.412
9,1696.74
5,1157.548
1,1032.025
9,1636.1109999999999
5,2310.933
8,227.608
7,2807.898
8,1915.883
7,1671.908
9,1327.208
3,1025.839
6,2628.25
8,2090.169
3,2546.84
5,1048.4470000000001
2,1640.9099999999999
1,1893.5990000000002
9,2664.413
3,1197.346
2,2520.3469999999998
9,1918.414
6,1077.866
10,941.019
7,2956.122
7,1438.011
1,1053.934
3,2507.973
3,1407.6770000000001
1,1081.726
4,753.594
6,1113.917
5,330.553
1,1322.057
7,2347.585
1,1688.065
2,1698.924
6,1572.019
8,1923.0430000000001
8,1667.03
1,1170.716
6,1693.816
1,1845.105
6,1195.79
10,1457.936
3,980.394
3,1518.821
3,1168.6
2,878.701
5,2419.654
10,817.724
2,795.902
4,1943.113
1,1623.328
5,1755.045
2,1786.684
2,1688.748
4,2463.557
2,2189.313
3,1268.286
4,1677.007
7,1111.523
