3,388.263
1,404.854
1,488.478
9,1138.8319999999999
9,2167.851
5,1585.73
7,1410.585
8,1124.183
4,1512.625
6,1084.648
5,2086.527
10,1252.167
4,1077.161
6,1373.628
1,2327.805
6,1310.638
6,1673.9470000000001
1,1386.805
8,1540.989
1,916.11
10,713.793
4,1652.8600000000001
9,1179.875
10,860.927
8,1513.841
6,1496.655
6,1584.705
9,941.677
10,1796.114
9,1004.798
4,1769.665
1,1213.583
6,1459.949
10,1488.3319999999999
9,1422.2359999999999
4,1901.836
6,1716.306
1,1288.595
1,1747.569
6,1604.272
7,1684.4850000000001
4,1191.476
5,1164.069
7,934.83
8,1902.96
3,1761.083
10,2093.108
4,1828.801
9,2500.138
2,1818.895
4,2154.138
6,833.66
2,1216.794
2,1876.077
4,2846.135
1,1185.755
7,915.411
9,2186.013
5,1549.746
8,2043.012
2,1106.384
5,1673.637
9,1163.105
3,893.218
5,1692.972
10,880.529
9,1034.946
6,2967.355
7,1144.923
8,1272.15
4,1334.551
10,804.205
4,1334.439
9,2176.849
7,1765.859
6,969.062
8,1337.925
8,1311.1680000000001
2,1660.73
5,1614.2359999999999
2,1720.103
1,1046.716
8,1670.12
2,1449.212
1,1913.007
4,1189.999
7,1396.213
4,2704.725
8,1678.012
5,550.321
2,988.521
1,1893.484
2,998.636
5,1134.012
7,1261.508
7,1532.095
1,819.311
8,1716.234
3,1240.646
4,513.395
6,571.173
9,1004.575
6,743.111
7,996.179
9,2348.032
8,1096.133
1,1460.87
5,1843.4740000000002
3,1023.186
2,1581.362
3,1127.35
6,1988.567
4,1357.058
6,1062.307
6,543.344
2,1527.644
3,2416.808
4,1737.113
2,1430.016
10,1091.157
8,1200.2350000000001
2,1394.933
7,1520.513
4,927.208
4,1146.475
5,2199.266
4,1165.109
3,1494.061
2,1012.717
5,1817.754
8,2370.858
8,2236.535
10,1161.662
5,1322.143
5,763.59
5,1267.931
8,1289.96
10,1058.709
10,1428.242
1,602.451
7,2079.651
4,2147.063
3,1536.047
10,1184.964
5,563.565
4,1723.212
1,784.704
10,1637.27
2,1815.988
9,1020.648
9,1461.022
10,1228.4850000000001
6,721.736
1,1015.674
6,1798.2440000000001
3,491.696
6,815.986
5,1740.542
3,1853.784
4,1154.093
8,2507.282
3,2352.541
3,1096.056
9,2159.971
8,2430.133
10,724.072
10,2323.257
9,591.162
1,2041.585
5,1713.786
8,1351.189
8,1861.859
1,686.226
4,2064.963
8,1692.011
2,825.282
1,1255.605
10,1891.772
4,1213.208
2,1034.099
8,966.23
7,1730.876
3,1965.902
1,1631.693
2,1800.307
10,904.412
8,2392.436
7,1745.046
9,1015.045
6,1464.738
7,1181.384
5,1360.571
3,2139.189
5,1355.495
8,2579.714
6,1087.106
4,1830.879
6,1433.893
3,1019.146
1,1429.598
7,2076.23
6,765.419
5,1622.367
7,485.571
5,1891.5140000000001
4,1539.336
2,491.035
4,948.673
8,2041.895
8,1189.689
5,2049.912
3,1782.981
6,1828.6219999999998
7,1323.095
8,1605.922
6,312.997
8,1175.717
4,1541.871
3,2477.746
7,2503.202
5,1791.251
8,2498.333
10,1086.338
2,2304.675
6,1094.046
4,1761.2179999999998
1,1870.175
1,1833.0349999999999
6,835.745
6,1189.473
3,2030.193
8,2401.251
2,1646.873
4,1654.379
6,1035.321
8,809.957
3,1505.519
7,1419.142
4,1191.064
8,2456.592
9,2456.015
10,860.2
2,1149.046
1,1708.221
10,2873.326
6,2151.007
2,1204.024
6,1743.998
10,1548.621
4,721.304
6,917.416
9,1985.388
9,2238.441
9,1310.558
2,1328.688
2,1499.047
3,1343.9180000000001
10,2048.85
6,1047.577
5,1667.008
6,2150.934
3,1309.269
9,1689.944
8,2021.862
7,2360.41
2,1834.012
5,1873.8200000000002
8,1187.023
6,924.399
7,1860.036
3,2018.463
6,1951.2440000000001
4,755.339
4,1659.417
3,1080.177
2,780.981
10,687.564
8,930.655
10,1123.383
10,1133.982
8,1465.373
3,537.485
6,1766.205
3,1791.135
1,411.923
5,1428.74
5,956.362
2,1093.191
2,1752.827
5,1732.97
2,1877.087
10,2413.085
8,899.367
9,1393.675
7,1147.778
4,1153.151
8,1619.839
8,1166.241
4,2386.723
6,1896.365
1,2121.119
10,2253.253
2,1507.505
10,2701.993
8,1661.1
7,2331.218
6,1419.31
3,704.097
4,968.919
1,606.486
6,1381.231
10,1271.92
1,1358.054
3,822.812
9,925.589
4,2982.4139999999998
5,1713.6889999999999
3,1624.4769999999999
10,1311.454
7,1438.929
7,1987.519
9,1101.547
4,2523.526
3,1714.229
2,1161.7640000000001
9,1647.6109999999999
5,1053.323
10,1134.77
8,1243.115
9,1186.83
4,1866.274
1,1775.568
10,1880.008
7,2008.293
1,1846.6109999999999
10,1333.2350000000001
2,1417.59
5,1462.222
10,1729.9969999999998
8,1878.3319999999999
9,1995.109
2,487.937
1,906.288
4,1161.817
7,632.721
10,1017.965
6,1613.594
2,1365.547
3,1687.6
7,2197.588
1,591.185
10,829.757
10,1383.3519999999999
10,1251.643
9,1152.976
2,1349.694
9,1183.883
8,1930.627
4,1522.083
2,2572.404
6,1137.06
3,1447.535
1,970.89
2,1259.636
10,2216.84
4,1070.335
7,749.027
3,1410.209
5,2665.823
3,1282.8899999999999
4,1414.219
1,1135.263
2,2253.081
8,1696.962
4,547.223
9,1293.357
7,1081.34
2,2198.371
10,1864.425
8,1273.103
4,1608.029
7,1450.786
3,962.007
9,3092.485
6,1409.446
8,696.338
4,1552.0410000000002
8,2016.615
10,640.381
10,1228.894
2,1728.8029999999999
5,2087.764
1,2378.968
10,1529.4589999999998
6,1258.1779999999999
7,905.442
6,989.487
2,1804.442
5,424.829
2,2627.5119999999997
5,1023.475
2,499.919
10,1824.068
5,2268.378
7,724.261
5,502.958
6,1006.978
5,1056.731
4,605.315
4,2254.702
5,2426.232
6,580.078
5,1133.6779999999999
1,1687.0349999999999
3,652.271
5,940.746
10,1914.818
2,1125.632
1,1449.182
4,1412.895
8,1262.002
10,1767.449
5,1633.6950000000002
9,1263.883
1,1368.478
5,1222.394
3,1127.2930000000001
7,1053.789
9,1944.4940000000001
1,2419.376
8,1458.6979999999999
2,1030.516
1,1107.365
9,1600.234
3,504.969
5,1700.403
5,2289.967
3,1452.716
10,978.991
1,1744.7649999999999
6,1511.675
1,1196.349
10,891.912
6,1140.1390000000001
10,1444.066
2,797.039
2,1166.952
1,1049.845
7,1242.74
8,1289.061
9,1644.103
1,1566.851
2,924.931
10,1035.259
6,746.032
3,277.07
8,1062.721
2,1290.417
9,1607.789
1,1494.292
9,1869.904
4,936.932
9,2022.456
4,721.939
5,1367.818
4,2335.26
9,1130.76
5,1610.435
10,1055.938
4,1577.173
3,1198.77
3,2744.834
7,451.643
10,1633.298
10,1890.859
6,1361.946
10,1859.185
3,2232.205
4,1902.837
4,1464.849
7,1686.08
7,1846.3139999999999
3,1409.995
9,1885.996
6,1436.811
10,1729.9679999999998
8,2648.1130000000003
8,2083.728
3,1883.583
8,943.37
9,1745.454
8,1438.144
1,1807.676
9,1734.174
5,1399.248
6,1118.51
4,1282.239
4,1036.262
6,1948.038
4,1334.122
1,593.28
3,2133.857
2,1965.897
6,1259.684
9,1602.943
9,2197.816
3,1804.534
10,2318.497
7,902.527
1,1718.806
9,896.094
6,1690.7150000000001
8,1245.967
9,2213.41
1,1714.0349999999999
5,943.373
10,617.405
3,1057.653
8,2218.319
4,1327.136
10,2301.752
2,595.157
7,2152.44
1,1912.4299999999998
6,1141.414
1,1909.231
5,946.573
7,1533.383
8,1496.223
9,1688.5059999999999
1,2395.698
6,1244.38
4,1182.3600000000001
4,1043.325
2,947.873
6,1739.384
5,747.978
8,1234.171
6,2393.056
2,2064.332
9,1095.637
7,905.937
9,1165.914
7,2658.011
9,1601.799
4,1163.181
5,2089.429
6,1135.537
2,1498.839
2,1156.664
2,1268.595
1,738.34
6,1083.058
1,1636.642
9,508.519
4,1666.0230000000001
2,2156.532
7,1936.101
1,728.945
2,1041.104
8,997.726
4,1826.902
10,1441.18
10,1274.374
9,873.054
4,1880.01
6,1310.978
4,1957.966
5,1635.275
7,1262.234
4,924.515
8,1473.476
7,679.624
10,1084.958
10,1691.2350000000001
3,1799.027
7,907.611
1,1671.255
4,1140.0529999999999
5,1689.145
3,2294.7799999999997
4,2264.244
4,392.648
7,944.449
5,1535.53
7,816.873
1,1588.2849999999999
9,1580.467
4,1498.527
7,1452.5819999999999
5,1250.399
8,1177.724
3,1174.6109999999999
7,1617.2089999999998
7,1895.404
10,1544.136
6,1188.754
6,2462.833
10,1849.9479999999999
1,545.155
2,1441.4850000000001
8,1810.2910000000002
1,1025.468
9,1380.973
2,1490.2060000000001
8,1450.126
7,1482.6019999999999
6,899.252
7,1852.318
6,1409.425
1,2373.432
1,1030.031
10,1971.5259999999998
9,777.796
