10,477.548
8,909.402
6,979.507
9,1431.1019999999999
4,990.224
9,1628.576
9,1046.463
7,1215.132
6,1651.021
10,1914.262
6,1091.923
6,1139.6
1,908.869
5,1510.307
8,2132.07
10,1729.103
9,2474.279
5,1600.5349999999999
8,914.947
3,876.026
4,2061.353
6,2515.748
5,803.695
9,412.794
1,991.113
8,447.551
2,1368.454
5,1023.761
9,896.003
6,1754.3
5,1003.768
3,660.29
10,1523.921
2,2558.344
2,1988.288
2,1609.5059999999999
2,1626.796
3,1844.412
5,1754.984
10,1462.846
8,1532.687
5,872.502
8,2406.311
6,946.381
1,1726.5349999999999
2,1617.9160000000002
4,2501.021
9,1268.027
9,945.916
5,561.531
5,1295.571
6,909.298
3,1903.626
8,1429.386
4,763.116
8,1729.502
1,1070.114
9,1358.711
5,1299.031
7,737.147
10,1289.908
4,729.378
9,711.788
2,2155.532
3,1008.091
10,1467.208
3,2074.357
3,1947.333
2,1752.703
2,2472.602
4,2107.317
8,2296.867
6,1907.136
10,1177.528
1,1675.161
5,1112.771
6,1079.542
4,1617.488
3,1285.316
1,1668.366
9,1205.847
7,1832.4389999999999
10,1319.438
3,1762.472
1,2503.026
10,1287.292
5,1433.363
3,1547.085
10,1263.566
6,1532.693
6,1142.887
3,669.883
6,1708.0720000000001
3,1182.2649999999999
4,1117.44
9,795.393
8,1271.346
9,1692.404
2,2171.088
4,1360.301
7,1712.623
4,903.336
5,1622.038
3,1501.665
8,833.851
10,1954.2
10,2054.434
1,1527.002
9,2318.087
2,197.812
1,884.128
1,1122.952
5,1942.775
2,528.187
5,642.912
8,1261.538
6,1045.458
9,742.261
6,1069.731
10,1339.719
9,1907.9679999999998
10,1654.652
3,1141.066
10,2014.475
1,860.001
1,1848.158
7,1105.617
4,754.521
3,981.574
1,2092.676
4,1302.425
8,1505.414
8,1003.474
4,647.396
8,1894.839
6,1103.838
5,1264.327
6,1042.425
9,1227.847
8,1174.35
6,307.767
7,682.583
4,1805.8139999999999
1,1234.971
8,1233.699
8,1396.234
10,1419.048
8,1164.558
2,1725.4560000000001
7,1287.385
10,600.836
5,2243.595
1,1612.317
1,939.509
10,1101.341
10,1619.0549999999998
3,721.353
10,1740.5610000000001
6,683.333
4,1153.391
7,1511.701
4,1646.4969999999998
2,976.477
7,1697.278
1,1867.259
10,1124.688
7,827.996
7,1436.924
7,1946.993
7,836.756
7,1820.2640000000001
3,663.751
3,1662.96
3,1272.434
6,2100.038
4,1563.4679999999998
9,2441.104
8,1432.666
1,572.276
9,1242.578
4,2132.905
1,1812.671
3,1552.874
7,2440.319
4,1887.911
8,1246.251
10,1437.6309999999999
6,568.162
4,1335.674
5,1051.718
6,997.251
8,1313.943
3,1211.691
10,1940.654
2,1963.02
4,1770.488
7,1773.065
9,2200.459
5,1016.657
4,1441.251
7,1537.016
10,1262.738
6,1864.847
3,1243.761
5,1861.467
3,1308.34
4,1911.9769999999999
5,1554.396
1,1095.688
9,2347.767
7,1196.334
6,952.668
1,1202.699
10,1323.192
5,1429.783
1,1537.097
1,1618.601
1,1145.461
9,955.215
1,2560.007
10,1988.15
4,814.053
3,1731.266
8,1956.337
8,2559.592
8,1532.8690000000001
5,1791.522
3,696.005
7,1739.533
2,720.206
8,2560.785
6,1683.5030000000002
5,1833.7469999999998
9,1996.807
5,1413.779
7,1455.867
5,1609.153
4,1318.35
5,1283.255
8,1614.5520000000001
10,677.882
4,938.575
4,1828.184
6,618.444
8,1143.658
2,1048.001
3,2138.127
1,1898.867
1,1368.09
4,2115.767
7,1412.732
9,1330.373
3,1846.58
8,1818.8690000000001
6,915.328
9,1878.287
9,1557.413
6,1152.215
3,941.831
9,1399.912
5,2298.753
9,1936.266
1,1317.709
3,2009.78
4,1332.855
7,1376.12
10,1649.4940000000001
4,1166.562
6,1340.5520000000001
9,1917.076
10,2320.583
4,1719.431
3,1522.9360000000001
7,2201.756
3,2028.309
5,1296.37
4,842.281
9,1203.925
6,1582.183
1,985.206
6,2588.639
10,2527.483
2,1761.717
2,1376.277
4,1019.508
7,1123.202
9,858.175
9,1855.49
6,1239.328
5,2160.921
9,650.691
6,2294.782
1,858.069
4,2089.2309999999998
4,386.023
8,1179.077
9,898.511
10,2157.546
7,1239.443
7,1660.938
5,2071.681
8,675.948
2,932.774
1,1376.936
3,1585.237
4,2358.4049999999997
9,2017.559
1,2494.692
10,1814.6480000000001
7,1821.9
8,1318.271
9,2346.072
3,1635.6190000000001
9,958.628
4,1658.3220000000001
4,1458.968
1,881.431
8,1623.433
6,1605.913
4,858.05
3,855.847
6,1049.243
2,1201.609
7,1285.659
9,280.738
9,1028.285
9,2017.009
9,1393.378
4,1437.211
2,1424.8029999999999
6,325.058
7,1098.615
9,1461.973
9,1852.522
7,1041.264
1,1937.2730000000001
2,1029.294
8,887.498
3,1400.533
2,1959.036
2,1853.729
3,1332.395
4,1922.8
9,1495.8
10,1800.434
10,1775.297
10,1483.6309999999999
7,1859.066
2,1208.783
5,1314.7730000000001
8,1109.237
6,1056.618
10,1256.601
10,2151.442
2,1067.662
10,1467.5529999999999
1,1168.949
7,692.64
5,434.753
9,346.299
6,1095.698
3,2188.276
6,2720.075
4,2021.539
3,1314.476
9,1492.626
1,1215.661
10,707.744
1,1044.032
1,977.315
9,1575.6
2,1464.53
3,2357.852
1,2441.81
2,763.546
8,1311.634
5,1384.349
6,1400.164
8,2065.523
6,172.651
8,1497.6390000000001
7,896.796
4,2594.109
10,3285.45
8,390.114
4,1266.682
7,1099.193
4,621.379
7,2126.487
5,1680.451
3,1146.268
8,1025.362
1,2046.786
7,2190.272
7,317.431
3,2082.553
3,1907.874
7,2259.023
3,1371.22
3,791.7
6,981.263
2,1128.9859999999999
10,1728.368
6,1334.606
10,1445.126
8,1629.6219999999998
10,1257.622
1,1474.374
10,1167.974
9,1847.692
10,2042.217
7,1079.476
7,1050.16
9,884.54
7,2325.14
2,1963.935
10,2005.103
5,1600.045
1,985.024
8,891.774
5,1194.153
5,1770.877
10,1776.193
10,1682.915
9,1210.598
4,1619.818
7,2012.236
10,1596.058
5,1505.194
7,1097.556
4,655.807
6,2297.21
6,1324.7060000000001
7,1257.827
4,741.549
2,984.286
10,1273.716
3,1245.186
4,930.213
7,1720.536
7,1725.566
4,2224.848
7,1951.6689999999999
6,1107.535
9,336.616
10,1214.373
6,1480.1680000000001
5,816.141
2,1397.394
4,2222.515
9,1018.398
10,1604.275
6,1028.504
1,1235.307
4,710.742
2,1265.58
6,287.672
5,2070.421
3,2729.487
3,1356.749
9,2542.909
5,2277.962
5,1589.868
6,767.593
8,1167.224
2,848.286
1,1829.5819999999999
8,1734.3220000000001
6,1413.156
1,1647.016
10,1132.845
9,1262.757
6,892.56
8,1392.5720000000001
10,1160.506
3,1019.294
5,1096.83
1,1322.893
7,1718.0059999999999
3,722.13
2,2032.998
3,1048.532
5,2240.278
7,1595.507
5,1721.4
8,635.762
5,956.647
2,1523.601
4,2160.871
7,1195.218
5,1500.229
6,2037.435
8,1725.6599999999999
10,1745.336
3,1673.433
10,1198.097
8,400.226
6,1581.865
7,1647.672
1,1651.25
8,1220.58
9,2546.334
1,431.441
10,1570.684
8,1715.3029999999999
3,1257.152
9,976.658
2,1242.118
6,1186.462
2,1003.647
5,854.194
8,458.026
5,1504.2350000000001
3,769.955
4,1397.633
5,1378.801
9,1462.271
2,658.4
3,1103.041
6,1050.816
8,2504.11
3,1511.12
8,1954.645
9,1387.679
1,1949.9769999999999
7,890.715
10,1244.665
7,1595.26
1,656.029
1,493.585
6,382.874
6,852.36
10,471.082
8,2394.387
10,996.988
8,2238.373
1,2879.471
7,2162.886
9,808.526
1,1298.226
3,1020.476
6,1658.3780000000002
4,1599.2469999999998
4,1155.294
4,1048.857
2,2265.167
5,712.397
10,1091.29
9,943.175
7,1024.035
6,848.662
7,2181.727
3,995.793
9,1032.937
10,1728.967
8,1496.795
7,1123.02
2,1599.992
7,1607.5990000000002
2,1399.349
7,1696.225
1,1096.305
7,959.274
10,2162.501
4,1105.059
2,1638.4450000000002
2,1096.092
8,2438.295
4,1779.9389999999999
6,1668.7849999999999
4,855.338
3,1336.451
5,2449.741
2,705.95
4,1220.004
7,1399.621
8,1718.0900000000001
2,1617.021
6,1100.759
8,1319.737
9,2179.425
6,1446.859
3,1382.047
10,1322.921
7,705.377
6,1625.771
6,2092.203
6,1942.117
5,1176.475
3,738.918
3,1826.4180000000001
10,1792.364
1,1113.232
8,1332.6680000000001
10,1678.296
7,1262.973
8,1265.5059999999999
1,1292.495
9,2251.814
5,1548.328
2,868.46
1,440.941
1,2287.558
7,2099.999
10,1427.429
3,1257.6480000000001
4,2309.945
9,353.818
7,2112.498
9,1362.545
10,1184.5149999999999
9,1993.508
8,429.855
7,1646.347
8,1512.846
9,1680.5990000000002
3,2026.015
2,1263.441
2,635.89
5,1519.252
