8,1005.929
6,1933.891
9,1647.038
1,2354.008
10,2030.779
7,803.253
3,774.671
7,1543.655
3,1709.316
8,555.825
5,1670.2649999999999
6,1864.4560000000001
2,1923.662
2,1008.121
2,988.956
8,1214.753
7,1309.204
8,924.14
8,1446.733
2,1441.036
10,843.991
6,921.84
9,1425.106
4,656.003
8,2128.335
8,1638.578
9,1707.315
10,2147.624
8,2003.191
6,1010.539
6,1336.7730000000001
3,1935.643
7,1147.175
7,1336.408
10,1600.55
9,1645.395
4,2564.474
4,531.808
3,1307.705
7,1196.862
9,701.329
9,2113.505
8,2325.52
8,1943.795
2,1116.774
8,1999.3110000000001
3,1012.524
6,587.985
1,1713.905
4,2648.215
8,2654.634
8,828.924
9,950.771
6,1861.7930000000001
8,1316.468
4,909.605
4,1171.375
9,1120.209
8,2051.973
7,762.446
8,1653.3490000000002
4,1666.92
3,907.487
10,2620.968
7,2058.38
1,2148.222
7,2491.675
8,1392.7069999999999
1,980.28
4,2133.472
7,1790.819
1,1148.883
1,1051.232
6,1901.9470000000001
7,1809.3319999999999
2,1900.759
5,1589.221
10,2694.7889999999998
5,643.822
7,751.62
3,798.909
1,1745.508
4,2724.812
4,1530.126
10,1442.209
2,1817.2440000000001
10,1047.208
4,1194.041
3,992.871
1,1296.342
2,1218.783
9,1200.726
1,692.899
3,2307.615
4,1195.692
3,1194.21
6,1186.855
1,1471.279
3,492.692
3,2368.07
3,1291.0430000000001
5,1722.123
1,806.575
8,1498.78
4,1919.1109999999999
10,1298.399
10,2444.11
7,911.262
2,1809.476
9,1512.772
4,708.517
6,1588.9740000000002
5,1065.243
6,1652.038
9,902.473
2,652.736
1,561.769
7,2199.435
4,988.024
6,1072.443
10,1505.125
1,1059.797
8,1755.422
8,950.381
8,1223.75
9,1097.95
6,936.241
2,1357.179
6,2001.542
1,410.382
10,2052.853
6,1591.449
7,1109.345
7,1152.954
8,1095.009
4,568.731
9,1410.7559999999999
9,1715.2640000000001
5,2187.072
3,1250.329
10,1254.625
8,1229.897
1,1573.415
10,1266.104
2,833.642
10,1021.972
5,906.516
4,1957.964
9,1328.587
2,1187.713
6,2007.956
7,1425.6970000000001
9,1143.3899999999999
2,802.83
2,568.363
1,899.401
5,930.44
6,2141.451
10,1644.479
3,1464.239
7,1767.194
1,1815.4850000000001
6,716.586
9,2581.509
1,1553.173
2,926.069
10,1967.221
2,2646.042
9,1421.894
2,1115.31
3,1992.978
10,1387.953
8,2038.04
8,1416.116
4,2089.754
10,1714.641
8,1582.5259999999998
5,1377.252
5,1366.3980000000001
4,411.25
7,2093.807
5,1092.953
10,2154.872
7,1163.713
5,1239.992
2,1472.151
2,1453.158
2,1504.82
6,1744.829
8,918.775
2,1417.891
6,1561.0349999999999
1,1821.703
4,829.747
9,1398.954
10,2370.795
8,1183.704
1,1813.3980000000001
1,1692.25
5,1323.091
10,1395.507
10,1622.306
6,952.463
8,680.849
9,921.075
6,424.15
8,1568.3049999999998
10,2094.272
3,1591.813
3,1272.598
4,1883.8400000000001
1,2138.427
7,1313.563
2,1043.652
7,1304.151
8,1017.027
9,1339.594
5,1594.391
3,1456.353
1,394.157
10,1442.225
6,1308.0430000000001
7,1849.118
10,2651.141
10,1214.279
9,1755.944
6,1808.4940000000001
8,1363.812
6,1207.022
9,1033.938
5,2061.332
3,1817.65
10,1565.608
4,751.043
6,1314.692
9,1140.997
5,1971.876
1,1989.3
9,1807.13
4,648.535
3,2188.535
1,1430.9940000000001
1,1090.804
2,1002.033
8,1179.188
9,1341.377
10,1520.663
5,1861.761
1,964.899
9,988.652
8,1519.202
2,1287.842
10,829.208
1,1918.908
6,1389.862
5,1714.138
1,1146.573
10,1789.413
7,2072.001
5,994.22
8,2192.29
2,738.562
2,1810.516
7,2403.557
8,2159.157
5,684.259
1,2396.639
6,1598.626
1,1411.8
3,1771.752
1,1198.531
8,2029.051
4,1209.13
6,2470.419
7,2029.889
4,863.715
5,1570.095
9,2033.621
4,1433.057
7,2304.59
8,1203.102
10,1628.8200000000002
9,2221.143
9,1214.705
9,1839.417
9,1893.825
6,2164.466
7,1298.125
2,2040.607
9,1361.02
10,1655.317
8,2526.875
10,1036.312
8,1042.037
7,1465.554
5,1406.995
5,2094.756
2,1538.815
7,830.855
6,1132.243
9,1881.556
4,2137.553
6,2077.01
9,2198.104
7,1435.455
10,2592.091
5,2002.943
5,1830.893
6,1518.809
1,1636.933
6,2487.761
3,1069.276
4,968.09
1,1416.03
4,1666.9740000000002
9,1901.5349999999999
4,1109.719
4,1635.08
7,1800.299
9,2901.761
1,913.349
1,1664.675
3,2354.365
2,1665.85
5,1725.263
10,788.616
9,649.717
8,2082.046
3,2298.373
3,1332.201
8,1426.455
7,1756.379
5,2011.654
10,1637.8229999999999
10,1746.301
4,1513.44
8,920.511
3,2365.216
10,1940.799
6,700.807
3,1820.267
7,543.745
7,747.106
1,1774.092
3,1126.171
5,1705.146
8,1617.067
7,776.657
10,1890.3139999999999
9,2186.329
3,520.563
3,1792.382
9,1563.08
9,1231.76
2,1226.21
7,1890.0549999999998
2,2638.76
2,1601.249
4,1490.56
9,1609.476
9,1778.213
4,2356.08
2,1861.487
6,1832.7440000000001
3,1795.2730000000001
5,2239.191
2,1586.664
1,2185.107
2,754.384
5,1586.2640000000001
2,1706.8890000000001
9,1611.068
3,1711.3809999999999
10,1404.202
10,2360.059
3,1503.217
3,570.089
2,1649.923
7,1026.683
2,1796.558
4,2283.837
1,1649.3890000000001
5,1221.749
3,1790.0520000000001
5,1035.374
8,1560.013
5,1142.251
4,1875.597
8,1588.466
1,1849.359
3,840.718
6,1497.183
10,1024.82
4,1756.17
8,1483.266
8,1250.117
8,1949.9070000000002
1,669.372
8,1836.7559999999999
1,1578.226
2,1398.146
7,877.726
7,2321.696
4,970.472
7,2041.362
10,1773.906
9,892.796
9,1170.85
1,849.666
9,1738.012
6,1368.3229999999999
6,1943.719
9,1702.408
1,966.233
2,2513.177
10,1435.449
8,614.468
9,966.385
3,1326.454
4,1761.319
5,842.558
2,1893.106
4,1458.76
6,2257.255
3,1863.2060000000001
2,877.48
10,1083.692
8,1400.048
8,1251.487
9,2091.253
3,1349.295
9,680.605
9,1310.8890000000001
4,1730.712
7,833.186
1,421.95
3,1122.29
6,1337.711
7,2444.266
2,728.57
1,1548.905
5,1817.882
5,1222.374
3,880.473
4,1437.55
1,990.235
9,1449.561
9,610.537
10,1600.252
5,2250.449
5,1177.326
6,1244.452
3,804.72
6,1996.8139999999999
2,1650.078
7,1107.141
10,2201.273
8,971.311
3,1591.5900000000001
9,1915.246
9,734.022
1,1112.868
4,1863.664
4,1714.025
9,1711.325
3,2346.262
2,732.238
5,1444.401
10,1379.679
2,1828.819
6,1146.134
7,1282.4560000000001
3,1532.248
10,1961.121
10,1233.254
3,933.493
8,2064.819
7,1058.389
5,984.932
2,546.608
6,1075.47
1,2077.44
9,1214.255
9,1446.212
9,1105.966
3,1321.548
6,920.358
4,1206.768
7,1084.224
3,2296.995
6,960.028
9,1549.674
4,2014.143
5,1452.472
10,1973.92
2,1397.59
7,1300.971
1,753.775
10,1192.352
7,1494.154
6,1223.619
6,793.501
6,1265.336
5,2817.745
10,966.13
8,1149.965
7,1608.681
8,1134.967
7,1361.449
2,1668.942
7,1190.097
7,1521.605
4,804.729
8,1391.8
7,795.814
5,1002.56
7,2409.421
9,1180.511
9,1342.06
9,1810.731
9,1570.835
1,1768.833
3,882.414
4,1646.297
4,2022.61
5,1602.3400000000001
9,2310.819
3,1629.317
3,1267.8690000000001
3,3295.5389999999998
7,1526.326
6,1819.329
4,886.073
5,1009.769
7,1751.2269999999999
8,2040.854
9,1473.575
6,1445.913
4,1912.838
2,1077.518
2,2109.044
8,2084.113
8,1420.192
2,981.159
9,721.227
5,869.576
2,1642.8519999999999
3,1205.409
8,494.752
6,1514.212
1,1441.634
2,1766.521
9,2013.263
5,1863.871
3,1159.594
4,1531.38
1,1439.771
2,1015.754
8,1448.0439999999999
8,1808.748
9,1243.353
6,2037.9470000000001
8,1781.0549999999998
5,1448.6399999999999
2,2090.42
1,1214.758
8,2597.611
9,719.171
2,1601.4859999999999
9,2336.839
4,2098.249
9,704.149
5,923.496
2,732.665
5,1702.973
2,1403.451
6,3087.12
10,2336.846
5,2070.794
9,1446.467
1,1380.01
9,1925.4740000000002
5,1516.066
5,1404.9270000000001
3,1630.441
3,1825.5230000000001
9,1292.247
2,1445.6019999999999
9,2632.48
6,1618.647
2,1928.046
1,1926.337
8,1816.1109999999999
4,1359.094
5,1122.806
10,624.908
2,1884.804
10,1656.972
10,1553.02
4,830.133
10,2398.1
5,2333.259
1,1683.829
10,2270.076
1,796.967
4,776.605
2,2372.318
5,3075.009
2,1876.016
