8,410.72
4,95.579
7,1357.383
2,1446.158
5,1812.723
7,2019.803
2,758.45
5,696.6
6,1926.897
7,1779.26
10,1151.749
2,1998.7930000000001
2,1209.125
10,1395.144
8,1844.733
10,1771.892
7,2226.007
7,1267.283
3,1192.564
3,1335.234
6,2131.186
3,1643.225
6,1225.271
4,1171.362
2,1425.723
3,1030.445
7,511.406
5,1369.41
1,1445.47
5,2243.498
7,1235.945
7,1857.292
9,1715.9189999999999
8,2346.809
5,1344.0149999999999
2,761.872
10,1690.899
5,2919.353
8,1290.335
10,1707.935
5,2179.325
5,1495.903
9,926.749
3,1644.995
3,1478.9180000000001
5,422.258
10,1320.354
8,2949.483
10,1444.775
5,1282.049
5,1510.25
6,1412.672
1,2371.877
7,1235.2930000000001
4,2073.408
1,595.142
10,1767.0140000000001
7,531.836
4,1897.778
2,929.198
8,1190.439
5,1427.517
3,2246.69
2,2418.184
3,1835.326
4,2284.96
7,1395.999
7,1322.372
8,1324.024
2,2089.43
7,1222.032
2,1280.193
9,1149.91
5,954.616
1,957.724
7,1624.261
9,660.025
7,1486.415
6,1589.348
3,1942.074
8,1639.117
5,1272.8899999999999
6,2195.59
6,1304.964
4,1387.378
8,443.681
9,504.488
9,1563.768
10,1661.019
6,1578.508
5,966.998
10,1447.045
1,989.686
7,1245.102
9,911.495
6,1282.649
1,1446.1970000000001
6,1654.8899999999999
5,1259.534
1,1461.251
4,573.796
3,1026.093
7,1694.117
2,325.472
8,871.203
3,1639.915
5,1517.701
7,2200.858
3,1131.74
4,1622.679
10,1323.232
7,2167.243
1,2140.87
1,1136.863
2,1425.295
4,414.705
1,1743.504
9,1518.254
1,1065.545
6,1535.632
4,2307.8450000000003
2,939.698
1,1722.821
8,1281.1970000000001
10,1101.576
5,1417.027
6,1207.202
3,1654.347
7,1373.069
2,1998.005
3,970.019
9,1519.517
6,1345.463
3,1821.5259999999998
6,1915.4279999999999
4,1584.971
10,1380.84
2,1974.804
5,1052.692
6,811.401
3,993.2
3,919.401
4,1287.732
3,1011.618
5,1591.353
10,1300.171
5,1257.649
8,2421.492
2,396.668
9,2338.967
6,1754.754
8,1417.836
7,250.362
6,1988.271
6,1582.702
7,2238.2690000000002
2,2108.816
4,1551.2060000000001
4,1220.281
8,2169.044
5,1988.395
10,2500.445
7,1265.314
10,1307.133
2,1557.6019999999999
5,1260.012
3,1220.877
2,1363.319
2,1638.155
4,1462.806
1,767.371
1,1175.242
6,603.62
10,1017.687
3,1817.431
7,1776.019
6,1098.662
6,2048.875
10,1614.306
6,1127.249
5,1372.673
5,1839.217
10,980.343
9,1547.6660000000002
8,1661.452
2,1142.545
7,1844.712
2,1556.243
8,1561.903
4,2309.555
8,2087.664
3,1791.144
9,700.848
10,1523.1799999999998
4,1480.871
7,1054.327
10,1184.68
7,1877.665
6,628.15
3,2242.82
3,1130.495
4,529.015
3,1754.438
8,1433.971
6,1550.673
6,1111.467
9,1623.9189999999999
1,1479.888
8,1754.983
3,1266.998
9,1465.746
2,1911.402
4,1393.492
8,1236.175
10,1357.476
3,1033.228
3,1693.952
6,2155.992
5,1721.827
5,1307.596
6,1709.943
3,1565.6019999999999
2,1228.345
5,2534.402
2,2220.658
5,1844.385
3,1517.973
6,1771.076
2,1398.011
10,1529.354
10,2831.346
9,794.592
1,2143.826
9,771.725
6,1821.739
6,1255.1
2,431.101
3,840.037
6,1709.952
3,1827.402
4,1901.24
3,2149.798
3,1489.385
2,1216.309
7,1763.176
7,2002.387
7,1748.433
7,1284.781
1,1719.856
7,1523.1109999999999
6,348.644
3,402.734
3,1965.752
5,1619.492
3,1091.51
4,1613.266
6,1418.917
6,2397.9139999999998
2,1259.484
8,1638.469
1,1642.228
3,1762.0
5,1788.902
8,554.138
6,1988.792
8,2089.853
7,2271.578
10,1053.914
5,1287.95
4,1106.517
3,2053.329
10,958.874
9,1379.484
8,1874.912
3,1408.7350000000001
2,1219.847
9,1669.1680000000001
10,2162.776
6,1520.942
7,1455.691
6,1059.582
5,1482.062
1,1731.6100000000001
3,1472.899
2,1843.7649999999999
5,1464.483
8,2035.837
5,652.088
4,1642.146
5,1973.268
8,1363.911
7,1324.729
4,1483.118
10,2008.597
2,989.549
3,711.255
7,1715.702
2,2014.947
8,1836.451
2,548.315
4,2020.554
9,2208.342
3,622.384
8,903.339
9,1951.065
4,2404.746
8,774.135
8,1051.609
3,1515.25
6,1507.02
3,987.067
6,938.528
7,2562.634
7,1211.787
2,1289.2649999999999
5,1296.813
9,1615.6680000000001
6,1483.518
1,1311.0810000000001
1,960.549
6,2032.588
3,1714.733
8,1552.408
3,884.878
1,1186.595
7,1794.8609999999999
8,1138.958
2,1800.867
9,497.941
3,781.414
10,1090.016
8,1319.754
1,1989.164
8,1320.1979999999999
4,1990.866
7,1094.28
6,2352.193
2,1430.536
3,2025.938
7,1771.344
1,1556.1100000000001
4,2341.32
2,1128.645
10,1429.33
3,1597.665
7,1802.888
8,2067.853
2,1239.394
7,1108.69
5,1771.953
3,660.329
4,1247.687
5,1229.681
10,1500.702
1,3132.921
2,555.253
8,1728.234
8,1604.17
2,1253.528
10,1402.128
3,1806.183
3,1486.248
2,2027.699
9,813.823
3,1958.729
4,1953.26
3,820.031
10,1778.295
1,1425.367
7,1256.77
10,1794.005
8,1979.915
3,1892.179
6,3594.022
3,899.911
5,1357.084
10,1312.899
5,1352.297
2,905.524
6,2692.913
9,1364.429
9,1797.145
8,1832.687
7,1930.345
4,2137.693
2,1312.276
1,2329.679
5,1306.363
7,2565.561
9,875.052
9,1296.1190000000001
9,1758.462
6,1526.5430000000001
1,1472.492
5,1747.012
2,2450.809
10,1494.147
4,1355.998
9,1478.248
2,1152.683
3,2471.974
9,1213.53
2,1150.562
8,1496.46
6,2332.537
6,1957.395
4,1366.224
1,2273.332
6,1211.159
10,961.229
3,948.379
2,2976.2619999999997
4,1397.241
4,1795.2930000000001
10,318.565
2,1110.035
3,1807.277
8,1290.375
7,1187.682
9,1327.47
3,2403.926
7,590.668
5,472.538
1,1555.1970000000001
2,1611.37
10,772.424
6,1533.784
9,1348.016
8,2208.224
4,1617.54
10,1154.005
8,1074.113
2,965.963
5,988.626
6,1907.3029999999999
4,836.083
10,2713.477
3,658.796
3,1439.501
4,1419.874
4,1238.568
8,477.581
3,1978.075
10,1387.327
10,1396.853
1,1591.755
5,807.928
5,1008.2
2,1586.547
9,1260.134
4,2185.972
6,806.684
10,745.044
2,1587.0030000000002
2,1099.007
8,921.766
6,1681.9850000000001
1,1196.057
1,1412.77
9,2402.938
2,1038.974
4,1889.915
4,955.648
5,1945.567
2,1132.336
10,2734.69
4,1716.685
7,859.674
2,1122.629
3,1133.116
7,2087.927
3,2051.361
1,2213.959
5,1213.531
6,1105.703
3,1517.696
5,1889.491
2,808.738
7,1353.689
9,1586.7269999999999
1,1380.604
2,1879.75
5,1020.718
4,1548.961
10,1382.701
8,1678.841
9,1494.209
7,1165.807
10,2168.783
7,1712.932
2,1176.208
5,999.707
2,1375.424
1,2580.9120000000003
3,837.041
6,1021.185
6,971.863
9,1395.562
4,2651.556
9,1628.7730000000001
9,1000.993
1,1486.818
7,1179.271
6,1878.164
5,749.907
6,2011.296
1,1740.194
6,1539.781
1,1230.419
7,1045.591
10,2433.916
9,1804.238
9,1895.658
9,2665.9210000000003
7,874.811
5,1347.79
7,1156.125
1,1756.0520000000001
7,1269.074
9,1872.087
8,1286.762
5,919.215
2,2177.752
3,992.442
2,966.487
10,2094.001
2,992.106
2,789.012
9,742.602
4,737.451
7,1591.1860000000001
2,1813.3220000000001
1,2192.318
1,1889.6480000000001
3,1189.405
9,1259.786
7,1527.185
1,1137.771
3,1189.099
8,2038.591
3,1303.9189999999999
10,1055.862
5,1147.344
10,1217.12
5,1460.0
3,1103.116
7,928.744
3,2162.683
1,1675.571
9,1504.445
5,973.478
10,909.045
10,1817.848
1,1560.413
1,1358.512
10,2687.6130000000003
7,1337.704
6,2360.379
4,1124.916
9,2033.222
2,1644.989
6,686.427
10,1010.151
2,1615.667
10,1988.191
8,1057.29
7,2159.855
10,2227.354
9,214.685
6,752.208
1,935.658
6,398.647
1,1892.426
2,2871.5879999999997
7,1419.0059999999999
1,1176.452
7,1190.726
10,1304.982
7,1839.981
2,1596.1979999999999
9,876.296
1,1526.437
5,1191.194
4,2274.27
3,1241.6109999999999
6,1402.083
10,1192.69
9,2003.967
5,1853.4360000000001
1,2080.889
5,956.404
1,573.063
9,887.843
10,1131.526
8,1737.5140000000001
10,2752.648
1,671.047
2,732.463
10,1654.929
2,1190.3029999999999
10,1906.036
7,2480.538
7,1628.246
10,1032.833
