10,1492.937
10,549.593
2,1005.074
6,1404.699
9,570.852
2,1276.519
9,2239.598
1,2161.499
1,1968.874
2,1827.67
4,2232.298
7,1910.575
8,1190.551
2,2097.477
3,1316.034
8,568.548
4,867.035
2,1805.037
8,2118.47
9,1092.359
4,1959.73
1,526.085
6,500.334
8,1377.77
4,1832.042
4,1352.282
8,1499.565
10,1307.406
3,632.642
7,1289.592
4,1659.966
3,1232.912
5,1801.953
7,1119.235
6,2102.023
1,1953.982
8,1373.75
7,849.682
9,2029.533
2,1557.9589999999998
8,1123.076
1,897.741
9,645.627
1,1892.654
10,3237.7889999999998
3,1970.005
5,1172.797
10,634.807
3,1034.152
7,1492.048
10,2287.783
1,1483.068
4,2258.134
9,578.382
3,1495.035
2,1368.286
1,918.11
10,2143.167
4,1426.837
5,786.987
4,1156.1
8,1462.6480000000001
8,1534.847
6,1453.987
3,1724.095
6,327.53
6,2407.079
5,818.265
5,1906.7179999999998
9,743.066
10,967.402
6,1841.462
3,1677.059
2,1353.495
1,1397.101
1,1011.974
3,603.92
3,1229.112
3,1544.078
9,1057.278
6,1827.277
1,2539.751
4,1927.054
5,1404.055
8,733.098
10,785.552
10,1448.344
2,1717.6599999999999
5,2955.5389999999998
1,1166.343
9,871.641
10,1204.1109999999999
8,2175.221
3,1962.999
8,2168.749
1,904.325
4,260.176
6,1884.667
5,1038.945
2,1696.844
2,1301.167
6,1836.1979999999999
6,770.809
7,1271.566
10,1097.494
10,1593.723
9,1807.422
2,1040.752
6,1612.887
4,1276.821
4,1941.926
4,2236.855
3,310.764
2,1748.239
1,2625.054
6,1809.797
7,1574.879
2,2014.191
4,1894.287
6,989.12
10,2258.584
2,426.104
1,506.314
9,1560.6509999999998
2,1191.408
4,1848.318
7,1349.637
9,1491.671
2,1833.0439999999999
7,1884.299
7,1716.134
2,720.823
8,1351.308
9,1816.521
3,1285.438
1,1456.195
3,2230.446
10,1263.095
2,466.231
6,1309.217
10,1311.129
9,1308.805
6,1307.372
10,830.582
1,1329.9270000000001
6,1130.237
3,1737.47
10,1416.417
5,1157.1100000000001
8,1186.141
2,1183.982
1,1212.058
6,1000.734
4,983.298
9,1542.899
5,1579.577
2,1715.4969999999998
4,1216.092
4,2018.055
1,1837.517
9,683.61
3,1732.315
2,1820.885
10,2335.431
6,2071.46
3,614.016
1,675.207
1,738.071
7,1931.513
7,1341.476
6,2158.252
9,1527.184
2,2147.213
8,1028.282
1,1463.8310000000001
3,997.335
8,2711.973
7,2100.11
8,1261.601
10,1787.373
2,1508.9470000000001
7,1040.804
3,633.821
9,1418.897
1,1639.022
3,1811.804
8,1789.842
2,907.018
4,1159.875
6,1479.037
4,2551.66
2,1064.061
6,960.28
9,1763.929
3,1529.1680000000001
9,1948.2849999999999
8,1719.481
7,2702.473
6,1392.335
9,2094.302
9,823.847
8,1282.597
7,1331.752
2,1728.999
1,831.67
1,1672.036
6,1561.117
7,1622.1280000000002
7,733.905
8,1217.675
8,1780.373
4,1959.866
1,2181.835
2,1095.065
3,776.17
4,809.278
9,1237.267
4,1437.105
2,1006.486
6,2011.194
7,2076.324
10,1491.079
9,1607.155
9,1257.1100000000001
1,1122.076
10,1173.762
8,2604.698
2,1826.1309999999999
8,2657.406
2,737.467
9,2070.556
8,2421.396
8,2199.471
6,1799.682
8,1497.682
3,1137.047
7,1669.254
4,1823.0990000000002
5,1119.041
10,800.713
3,1784.546
6,1338.625
10,1277.435
9,871.678
7,1486.903
9,857.198
7,939.271
3,980.708
3,1813.087
1,2372.395
4,1634.336
9,1407.141
5,2014.06
6,924.009
3,869.737
9,1125.725
1,1516.259
7,600.447
8,2467.6549999999997
3,1601.519
4,1500.821
7,1848.184
5,1136.357
4,1608.123
1,1654.621
2,774.653
8,1397.127
7,1067.241
10,1796.426
1,1953.384
10,2052.785
5,2568.089
9,1386.115
5,1532.0320000000002
8,1508.172
8,1344.84
2,2189.285
6,1376.599
3,1169.432
8,360.357
2,1058.652
1,940.108
3,1992.304
4,624.59
5,877.539
9,2102.004
6,456.539
1,1415.194
10,1801.086
5,1071.334
4,1790.326
7,1133.951
10,1539.379
9,1858.017
10,2078.892
3,1047.673
2,942.669
1,1569.586
7,1036.347
7,538.347
4,1493.652
9,2658.425
5,1024.775
3,1438.745
8,1905.421
7,898.92
5,1375.895
4,1517.58
8,1201.709
7,2097.254
8,2288.105
4,1544.156
6,1336.114
7,625.978
1,1104.999
3,782.36
6,1651.267
3,2168.423
3,1528.365
10,1891.998
3,1629.9389999999999
1,1982.868
7,2156.061
8,2303.266
8,1307.76
4,533.258
7,1198.609
10,1936.643
1,1378.046
2,1367.883
1,1190.524
4,1155.884
1,931.275
6,1669.104
2,1665.355
9,2485.073
9,1912.238
6,1405.714
8,1307.754
6,1240.163
10,1039.818
6,1626.484
9,1824.815
10,1863.147
4,310.089
10,1208.415
8,2045.613
4,856.53
10,1548.0639999999999
10,1979.913
8,1255.984
4,357.139
8,1055.344
6,1212.166
9,754.103
3,1337.271
1,2235.061
8,1600.778
8,2580.246
1,1440.499
3,1092.036
9,1645.642
5,1161.064
2,1473.6399999999999
5,1508.875
9,1294.0
10,1090.915
8,1915.0430000000001
3,1671.6689999999999
9,1593.44
2,1409.3690000000001
5,1667.716
1,1858.371
9,813.289
6,1533.9009999999998
1,771.459
7,649.803
4,1363.489
6,1651.479
1,1396.75
8,1685.2469999999998
10,1354.929
10,1214.729
10,1072.401
2,1303.144
10,1288.617
5,1914.4009999999998
10,2384.4719999999998
1,1007.465
3,1725.31
4,916.879
1,2059.03
3,2033.55
4,2071.974
10,1483.969
9,2350.525
2,1808.307
1,1280.027
5,1925.6970000000001
7,1081.336
2,1302.3029999999999
5,1143.664
4,1492.49
7,1318.711
10,1117.464
10,1581.1799999999998
8,1246.352
2,1125.904
10,1764.924
5,1110.865
6,2436.91
6,1257.71
8,2520.367
1,1360.425
10,1432.973
3,1234.908
8,1033.538
10,1788.4450000000002
4,1932.424
3,1767.6190000000001
1,2414.7690000000002
7,1058.563
5,1438.065
6,673.278
10,702.908
5,609.879
2,1497.653
1,894.197
3,1165.788
5,3152.6639999999998
7,2221.897
8,536.325
10,760.543
10,1331.682
8,1449.132
2,577.487
4,1223.208
1,2014.85
6,1511.942
9,1723.2150000000001
1,1340.6390000000001
10,1444.4180000000001
6,744.866
2,242.053
3,703.1
2,1139.16
10,1565.6480000000001
4,2247.816
7,2001.449
7,1659.0439999999999
1,1146.417
4,1093.613
10,1097.403
2,1271.96
9,1499.539
9,1432.622
4,698.217
1,1245.334
9,2185.003
3,726.277
7,1636.745
5,2254.748
4,2235.785
4,1042.92
5,1565.1950000000002
2,1837.895
9,1220.733
4,1032.509
4,1304.585
2,1648.421
8,1186.562
8,1630.391
8,1230.5
5,1572.289
8,1834.498
2,1194.415
5,1135.414
9,1320.313
2,1590.795
3,1525.5639999999999
10,877.921
10,814.741
10,1647.624
2,1540.205
7,1222.315
10,1632.642
9,351.131
2,2147.168
6,1381.373
8,868.241
1,1159.036
8,2117.383
1,1800.2440000000001
10,1778.6680000000001
10,2448.13
5,950.777
4,2138.317
7,935.94
1,1459.508
4,1380.788
3,2142.635
10,1695.22
1,1762.4279999999999
9,2421.171
4,1235.341
9,1395.263
7,1428.1019999999999
1,813.647
4,1323.733
10,1095.169
7,830.768
2,1912.856
7,570.457
7,1262.005
2,2310.448
7,973.55
7,1132.473
7,1263.579
9,1472.271
4,857.982
4,1575.467
5,1547.17
4,1633.655
1,1319.306
5,802.946
5,976.272
9,1350.645
5,2355.352
1,2530.801
10,1833.455
9,2608.629
8,1883.763
5,1650.1190000000001
9,2018.335
3,1841.5990000000002
5,1575.5700000000002
7,1354.192
9,566.759
2,794.601
7,1685.743
8,579.74
1,1344.0149999999999
7,1450.19
1,1821.991
3,744.081
9,1690.866
9,934.933
8,2479.891
8,1062.846
5,895.558
10,1124.452
4,1864.266
10,1139.701
4,2150.4139999999998
6,1174.77
7,1892.431
3,1545.49
4,1277.382
1,1306.151
7,2150.432
1,1488.897
8,1039.378
6,656.107
4,1548.909
9,1246.413
3,1031.064
2,2110.155
7,1016.481
5,1221.902
6,1252.3899999999999
9,1736.866
6,1258.24
7,795.452
6,1926.932
2,2066.395
9,1262.858
8,1580.55
2,897.423
10,804.797
5,817.091
3,1070.703
10,1766.411
8,2119.786
8,1209.3609999999999
3,513.954
6,1358.163
4,2642.688
8,1104.5
2,1958.355
7,1428.819
9,1487.208
6,1896.923
1,1564.1280000000002
7,1443.23
2,1122.0
7,1873.603
5,1260.545
8,1270.042
3,1105.8
1,1831.796
4,1420.634
3,1085.272
9,1229.795
6,1835.5900000000001
1,976.959
10,1454.466
6,1449.77
3,1667.79
6,869.354
3,1725.906
10,1864.135
10,2775.825
5,1807.542
10,1706.538
