7,1307.083
6,2485.273
10,1263.9769999999999
10,1054.052
2,1249.9470000000001
10,2304.0
9,1478.624
9,1637.8490000000002
3,786.379
7,1314.109
10,1948.769
1,1777.103
6,1402.772
1,1694.8600000000001
5,2126.991
2,2472.504
5,1470.342
10,753.402
5,1063.72
8,1242.954
10,695.843
9,1515.405
6,1461.545
6,1394.121
8,1584.629
7,1076.879
8,441.563
10,1507.924
3,1821.0059999999999
2,872.214
3,1940.382
2,1075.685
3,1494.202
5,1244.58
3,762.56
3,1638.067
3,2281.062
8,727.058
10,1383.019
2,814.007
2,707.573
8,1452.502
7,769.399
9,1811.5349999999999
1,1642.366
7,2103.775
8,1358.52
9,2200.482
6,2731.254
3,2371.911
6,1489.48
2,1838.183
8,1615.393
9,1428.703
10,1299.216
9,1460.774
3,1809.2530000000002
6,1702.01
3,1048.508
10,683.524
4,1451.182
6,936.642
1,2785.364
2,1802.424
3,999.291
8,2156.427
9,1473.008
3,2287.242
7,1258.946
8,729.178
8,1015.539
7,1428.807
1,1294.787
7,1656.046
9,241.24
1,1486.876
2,2389.984
5,1355.469
7,2376.962
3,1353.136
4,1406.387
10,1644.6599999999999
9,864.955
8,2502.001
10,2109.185
1,1274.335
8,1075.2
4,1731.0410000000002
2,1638.371
7,831.721
4,1498.145
5,1272.434
7,266.935
3,1431.53
1,1985.597
8,1335.009
9,544.388
6,1441.114
5,1778.025
5,1100.667
8,1983.476
9,1321.395
9,553.94
4,1752.153
4,1334.403
3,2715.743
2,1571.534
6,1684.3029999999999
2,1221.654
8,923.596
6,1181.956
4,324.114
9,826.819
10,1836.775
9,903.71
4,1468.966
3,771.772
9,1042.601
9,1180.723
8,970.814
9,1200.811
10,1689.557
8,970.588
7,1407.752
10,1821.002
9,1978.2939999999999
1,1713.904
8,1676.225
9,2187.538
4,1097.657
4,1782.306
8,1582.953
10,635.36
10,1573.9479999999999
5,1756.0320000000002
10,1494.27
8,1157.607
8,1397.536
9,933.457
9,1137.029
2,1044.04
2,2373.966
4,931.328
7,716.793
6,1716.5
3,1202.131
2,1427.777
2,1206.563
1,2724.383
7,2031.448
1,2635.459
9,1716.883
9,1802.774
1,1500.0439999999999
2,852.477
10,1429.814
4,1313.334
3,3348.378
7,1502.592
8,1645.847
10,431.504
1,1318.549
9,775.69
6,1580.9679999999998
7,1236.979
5,1345.51
9,683.684
7,2479.927
3,2404.901
8,1460.284
6,1041.231
2,1279.373
9,917.609
7,2363.8940000000002
5,1583.6280000000002
2,1887.355
3,1137.978
5,1565.495
9,1323.652
8,1970.733
4,1332.058
4,1147.033
4,2175.135
2,1746.002
9,1665.627
10,2098.2
7,1369.7559999999999
7,689.574
9,393.347
9,1997.601
9,1405.146
10,1934.25
8,2072.077
7,1915.7530000000002
3,1618.74
6,904.943
2,2056.165
9,1608.623
2,1096.894
1,261.73
2,957.421
9,1370.306
9,1925.229
2,1461.468
6,2589.841
3,1271.237
6,1454.699
5,1228.871
3,1664.4589999999998
9,2381.024
4,1285.673
5,952.412
7,1337.547
10,1709.484
3,1723.0900000000001
7,1182.378
5,1944.7649999999999
1,1683.124
4,1147.476
3,1598.837
9,1831.915
3,1079.07
4,563.311
1,1480.551
4,2215.555
7,2483.098
10,1619.286
9,1877.121
3,1430.664
1,1633.3139999999999
7,2660.496
9,889.941
6,2975.4880000000003
9,1305.504
9,2101.851
1,894.372
10,1191.7649999999999
2,1519.368
3,1342.239
7,1241.279
4,2320.3450000000003
4,2439.656
7,1278.27
8,1141.845
5,963.903
1,1455.971
2,1651.83
8,1927.3139999999999
5,1418.3029999999999
5,583.315
4,1230.931
6,1273.263
5,1935.481
9,1183.615
8,704.65
6,838.422
3,1446.605
5,2548.147
1,2154.768
3,1335.511
10,1412.888
8,2769.801
4,1673.387
1,1565.9
5,2116.374
6,2408.862
2,1896.848
5,1612.597
9,1954.899
9,1508.791
7,1529.9850000000001
2,2713.307
3,1477.814
1,2320.889
8,1384.2060000000001
5,1627.8200000000002
3,1381.022
3,1022.449
8,1486.23
3,320.2
2,1403.047
3,2059.317
1,2225.61
7,1611.362
4,1368.163
5,1502.967
9,2283.395
7,1758.5900000000001
1,1920.5030000000002
2,2251.474
6,2054.315
6,1521.6100000000001
8,2759.138
9,1854.649
10,2009.053
6,1987.781
3,1924.387
1,1350.1979999999999
6,1075.9279999999999
6,2436.781
6,1088.369
4,818.527
6,889.912
6,1756.3319999999999
1,774.622
6,710.388
8,1789.954
7,1125.507
2,940.712
9,2508.392
4,2182.122
9,1324.613
1,2747.225
2,1488.825
6,1917.1799999999998
7,1342.806
5,2110.678
2,1737.466
1,1159.348
1,1374.624
1,1143.32
6,1081.125
2,2321.781
6,1432.603
8,765.48
1,1852.556
1,2241.489
4,1604.0140000000001
4,1671.499
3,1765.0700000000002
10,851.701
7,531.329
4,1067.288
5,588.184
7,2466.793
9,1767.202
6,2299.617
7,1161.618
2,903.649
10,602.107
9,1456.085
6,1490.1480000000001
7,1283.478
8,671.662
6,988.235
7,2210.965
6,1421.754
7,1592.55
5,1411.731
4,1466.0520000000001
1,2344.861
3,1717.989
6,1933.597
10,1747.0900000000001
8,1204.98
6,1385.279
8,1644.652
1,1282.453
10,743.767
1,1485.583
9,1876.422
8,2294.19
4,1614.8310000000001
6,816.205
4,1283.787
8,718.677
9,1039.086
3,1707.99
10,1112.499
2,2346.108
5,2676.193
10,1388.274
10,1388.472
5,1404.196
5,1308.338
4,1174.971
4,1780.312
7,1373.798
1,697.974
4,1036.991
3,1634.6599999999999
7,2780.322
4,2786.089
5,1069.64
6,2130.772
3,1363.797
9,1251.103
3,737.118
7,1173.163
9,1321.105
6,2895.1369999999997
10,2271.707
6,2003.773
1,1766.6570000000002
6,1530.923
3,818.317
9,1126.653
2,620.684
10,980.705
8,1462.834
3,1458.603
9,2355.046
2,1763.356
8,1455.029
7,997.702
9,837.347
3,1758.133
2,1267.693
4,954.378
6,1538.185
1,1380.2350000000001
7,1127.762
4,1043.461
7,1028.038
7,911.483
7,1098.014
4,1269.904
6,1717.591
5,1728.983
4,1380.1390000000001
6,1049.343
6,1505.851
9,1582.185
7,755.001
8,2005.65
5,2334.284
3,1196.231
9,870.509
5,701.643
2,900.104
10,1527.2359999999999
7,1039.218
5,938.043
9,1493.2730000000001
7,1331.775
9,1183.117
10,940.958
9,817.327
4,676.659
6,1487.151
10,1418.239
1,1768.996
10,1241.032
6,1628.757
5,755.652
5,1811.848
8,313.027
2,1344.241
1,1446.3519999999999
4,1556.27
7,1929.81
7,1777.662
2,1641.531
3,1582.23
7,1936.19
9,1845.017
3,858.786
7,1436.532
9,879.915
1,1479.834
6,1865.1390000000001
5,2111.622
4,913.644
10,1446.2649999999999
9,1012.269
8,1331.115
3,1676.2910000000002
8,1327.695
3,1801.446
6,1241.552
2,2220.183
1,963.94
1,2253.138
10,1084.333
8,1233.378
7,1007.72
3,1190.987
4,754.824
5,1918.213
4,1337.771
1,1888.4589999999998
4,823.582
5,2651.353
9,1854.318
1,1257.193
1,2194.905
9,2500.64
1,989.644
5,1049.574
1,2281.582
4,1608.3200000000002
8,1104.74
9,792.414
8,1060.02
3,1667.499
5,1203.233
3,1959.193
4,1033.658
9,1534.789
6,728.741
4,2750.367
2,1596.199
9,1249.283
7,716.552
2,1616.905
1,958.985
10,1236.283
1,2085.276
2,948.342
5,1245.026
3,1119.758
6,1810.614
5,1947.589
6,1182.278
1,1684.938
6,1203.812
4,1491.513
10,2574.182
1,1011.935
2,928.156
9,1236.518
6,1765.984
6,1399.196
1,872.801
6,1153.1970000000001
9,588.953
10,810.356
10,1810.1
2,931.111
8,1648.752
7,429.336
6,1130.471
6,1952.993
3,998.822
1,2082.388
3,1340.6689999999999
2,1660.009
2,930.406
3,836.45
9,1426.856
2,526.226
2,522.586
5,992.587
1,1660.047
3,1146.654
9,1687.126
7,2149.455
1,1478.436
3,1357.074
1,1467.6979999999999
2,2179.723
8,1333.32
9,2421.853
6,2214.968
3,942.819
10,1293.783
3,1268.719
2,878.399
3,1349.116
5,1715.9189999999999
8,1783.637
10,1301.873
5,1145.157
8,1575.326
8,1466.445
1,1599.1109999999999
7,1351.292
6,2125.823
2,1207.625
8,939.346
9,1254.604
1,1768.607
10,1127.253
8,1808.162
6,1863.926
10,1918.6799999999998
10,1584.662
6,1056.223
4,2137.87
8,1826.471
3,1322.05
3,1924.3229999999999
7,973.096
4,1740.647
1,728.667
10,1662.5
3,1929.377
2,1165.433
3,1181.334
4,1933.743
6,767.395
3,1585.998
4,1468.907
4,1831.158
3,1167.78
2,1314.003
5,1431.115
8,2686.675
3,1144.601
8,1287.396
7,1698.1770000000001
2,1164.423
5,915.615
8,1719.777
6,1177.537
2,2685.8450000000003
9,1873.781
8,574.946
