10,114.839
1,243.556
5,385.592
5,629.65
6,928.672
10,1015.966
2,2364.506
6,2011.39
5,2317.422
10,977.783
3,1072.758
1,861.818
10,1078.968
1,1786.976
7,1144.065
1,974.354
3,1281.676
2,2393.17
1,1326.375
5,1739.988
9,1604.6950000000002
7,915.101
7,2104.797
3,1354.095
5,1031.875
2,1618.149
2,1243.339
5,1056.458
9,1716.6779999999999
9,2111.65
10,1451.818
9,1383.934
6,386.947
2,1109.443
7,1929.297
8,2122.473
5,1557.4389999999999
6,1009.689
5,826.998
5,1387.58
3,1710.6
3,2258.445
1,1325.21
5,1311.045
9,884.291
8,1020.153
9,2089.09
7,2034.463
3,756.416
2,2450.432
8,1586.009
9,2263.913
1,1424.511
1,1113.084
7,1973.213
1,1448.18
7,1527.368
9,1761.52
5,1188.256
10,1011.444
3,1198.43
1,1327.968
3,1639.307
4,812.329
5,835.14
6,1402.847
8,1473.291
8,1434.3809999999999
8,2968.226
5,356.431
1,921.999
8,1736.261
10,700.516
5,1523.257
2,1125.508
9,780.302
9,1057.442
10,1622.3310000000001
2,1088.193
8,1485.22
7,951.268
8,670.534
5,1338.695
6,1224.701
9,1618.8780000000002
5,1556.7849999999999
2,1517.2849999999999
4,2923.337
4,929.372
2,980.488
4,706.049
7,1355.887
4,1184.096
5,2604.492
10,1875.152
7,833.8
8,913.93
3,1485.6770000000001
9,1094.975
6,1410.071
4,1443.818
9,2369.623
10,582.006
6,936.647
2,2227.749
1,2686.603
10,455.313
7,1649.275
10,1787.637
5,600.382
9,1319.029
8,1235.993
2,1286.337
5,1007.022
1,1500.453
10,1229.513
7,2530.48
3,1178.775
4,743.037
5,1965.6509999999998
4,601.729
8,1156.408
6,2014.991
9,1285.126
5,1816.3980000000001
10,804.758
9,1115.183
3,1905.5610000000001
8,2272.556
10,878.649
1,1668.627
4,634.078
6,782.768
7,1746.943
8,1234.648
10,1589.267
9,2158.121
5,1750.567
8,1637.2530000000002
6,1638.958
7,1658.28
2,1193.31
5,2463.304
6,995.938
7,1160.4180000000001
10,996.511
7,1394.701
7,2270.149
2,2629.186
4,1530.816
10,1558.6979999999999
3,2830.005
8,1492.7930000000001
5,928.376
2,2651.34
3,376.586
3,1169.033
9,2009.725
2,1287.154
3,730.293
2,1499.343
1,1243.035
8,1486.001
3,1219.844
5,1265.809
2,2162.13
4,2121.513
5,1309.511
10,1487.1399999999999
1,1834.31
6,1963.446
3,1595.17
6,629.884
9,1044.881
9,1929.199
2,1440.173
7,2037.774
6,1306.624
2,1930.963
5,1298.561
3,1227.727
7,796.097
1,2347.562
10,1634.62
4,2095.717
5,2002.082
2,2061.005
6,1838.713
10,1780.281
5,818.945
6,1309.984
8,1562.425
5,1109.908
3,831.308
3,678.479
7,2142.107
1,1578.826
1,1845.912
8,1228.914
9,1303.3220000000001
10,1682.071
5,1066.612
5,1655.3200000000002
10,2123.017
6,1408.188
10,1307.82
2,725.439
4,991.496
9,755.489
7,3064.308
4,1566.002
1,1091.514
1,1502.25
7,1259.804
8,2500.738
10,1646.1689999999999
8,2165.473
3,920.222
1,965.93
6,874.168
9,1933.237
8,2044.121
10,1644.786
4,1632.816
1,832.41
9,1383.838
7,1797.511
10,1136.276
6,1985.829
7,2087.517
1,1117.774
1,1811.937
2,1175.511
8,2560.6059999999998
9,1555.175
9,1083.427
4,1140.847
1,1905.571
3,1686.3490000000002
9,957.353
3,1029.977
1,1008.106
2,1199.181
4,1580.385
1,1196.912
8,1159.687
6,1174.313
6,1314.851
6,2015.686
6,2131.122
7,1659.3049999999998
9,1829.443
5,1536.226
10,1507.462
4,525.539
8,1506.9
9,846.75
3,1925.491
6,2338.432
3,2543.444
7,1476.275
4,2009.395
4,1812.232
6,1556.076
5,1655.884
4,855.059
3,1001.879
7,2082.218
1,599.722
1,1309.62
2,1630.818
5,1171.46
1,954.442
6,1664.587
6,1385.396
3,1177.516
6,2545.175
4,3121.273
9,1899.721
2,1868.5349999999999
6,1445.821
5,1732.813
10,1644.857
5,940.39
5,1331.742
6,1728.318
6,1338.179
10,1815.367
8,1337.3690000000001
9,730.046
3,1252.192
10,1263.317
8,1664.951
1,1827.04
10,1731.902
5,958.09
1,1966.9099999999999
8,1734.377
2,1574.498
8,2684.462
9,848.528
10,1444.435
5,635.944
4,2035.588
7,1706.511
8,1349.937
3,1460.521
3,683.171
3,2524.511
1,1650.684
10,1308.9470000000001
5,1283.401
4,1740.063
8,407.24
10,1707.2930000000001
3,2031.706
3,1224.972
10,1983.821
7,1954.6660000000002
6,1404.0810000000001
4,986.257
4,1135.434
5,870.227
7,1388.655
7,1412.388
10,1488.999
2,1482.888
9,1387.762
2,1921.9279999999999
3,1968.223
8,1854.3220000000001
5,1238.701
4,1362.684
3,1549.097
9,1646.405
10,2439.677
2,1204.179
5,2236.993
8,1836.429
10,1812.518
9,1024.607
9,1111.5720000000001
5,882.491
4,1453.424
7,2087.309
10,1423.154
9,1066.788
10,1148.753
7,769.693
5,1006.033
1,998.825
10,1185.675
7,724.082
8,1848.199
9,1049.331
7,1498.363
8,1780.187
7,2511.642
1,1016.119
1,1382.1
7,1979.2559999999999
7,1305.32
8,630.273
1,940.506
6,849.122
4,2188.651
1,1785.6280000000002
9,1008.831
10,1876.2910000000002
8,1858.379
10,2201.886
8,1655.9389999999999
2,1022.37
7,660.077
9,496.039
7,1077.03
4,1815.2269999999999
2,1726.638
3,1923.821
10,785.693
8,1474.285
5,845.7
3,1064.829
1,1085.621
2,1462.542
7,1439.9560000000001
6,2375.7690000000002
3,997.381
2,637.74
2,1522.21
2,994.334
1,2748.99
3,1196.233
1,1575.837
1,2692.2690000000002
8,1244.482
10,2334.32
9,1334.974
4,764.399
4,1139.527
1,2314.223
2,1286.761
1,1957.342
4,1698.018
2,1248.834
8,1556.4679999999998
5,1624.04
9,1846.527
9,632.574
3,1131.509
2,1598.924
1,2894.333
6,2027.258
4,981.554
7,1697.641
8,1985.4769999999999
1,1750.196
6,1565.588
5,1076.357
6,1594.067
8,1806.767
9,1325.839
1,200.055
3,734.904
10,519.988
1,767.047
9,1513.609
10,2755.576
9,1475.329
10,1833.769
9,826.646
9,1895.981
7,1253.987
1,1598.636
6,1484.597
6,855.838
6,870.608
9,1192.698
1,1669.031
10,1150.791
1,700.546
5,717.192
8,2043.563
3,2252.813
9,2005.388
3,1082.281
2,1491.409
8,1254.6390000000001
10,1070.495
2,1154.217
6,1268.149
3,2439.861
7,1703.138
8,1585.7759999999998
1,1605.272
6,2013.448
2,1851.2939999999999
8,1153.829
5,1153.066
4,2036.101
10,1614.2150000000001
3,1571.393
6,1159.7359999999999
8,645.798
10,2024.343
9,1158.716
7,1137.188
5,1753.9160000000002
4,1375.792
1,1307.445
2,1362.548
2,1550.579
7,2109.387
8,1471.796
9,1643.266
8,860.804
5,1383.182
6,1817.366
6,3476.258
2,1426.031
1,1118.869
4,1493.15
5,2454.425
4,1616.3139999999999
9,1230.581
5,2416.873
10,1307.981
1,562.755
3,1679.644
9,905.454
10,2583.265
3,1950.998
10,1707.016
4,1242.785
9,1749.385
3,1207.863
2,1042.739
8,911.822
10,2168.122
7,1523.339
9,703.194
5,877.143
5,1346.992
7,1414.173
7,1168.734
1,942.081
10,1412.8020000000001
3,948.254
3,2678.1530000000002
4,881.27
2,362.258
10,996.276
8,1387.495
3,1720.81
3,1136.969
10,1326.347
3,1309.674
6,1635.516
3,1201.629
8,2231.043
3,1767.604
5,798.342
3,721.711
6,1951.7350000000001
4,663.108
5,1514.8890000000001
6,1517.254
8,2832.996
9,2125.192
9,2206.16
1,2149.867
2,1760.193
5,1467.311
1,1387.035
2,1317.2640000000001
1,1308.8220000000001
7,880.44
1,2433.704
1,1033.08
9,1031.164
7,1049.702
8,1456.958
5,2503.63
7,1555.557
7,791.771
7,480.022
8,1776.26
4,1153.234
4,1085.182
1,2193.841
4,1206.55
3,1779.5819999999999
2,2315.386
7,960.688
4,2328.966
4,1256.979
6,1365.5430000000001
9,1100.94
3,1040.392
10,1866.179
4,1901.81
4,1100.858
1,1536.212
6,1617.1689999999999
1,1417.173
3,1855.4450000000002
10,1818.867
3,2484.452
6,947.117
5,752.506
1,1239.796
1,1332.673
3,2524.375
1,777.457
6,936.93
6,1776.153
8,1213.414
10,1513.8780000000002
7,2089.169
9,1277.478
5,1134.534
10,1622.359
8,1235.438
6,1577.856
8,1295.9560000000001
10,1974.771
4,1552.286
1,2118.768
5,1184.962
5,1615.205
2,1510.99
7,1021.668
9,1040.599
4,1114.93
7,1494.712
7,1349.96
6,514.894
8,1523.868
7,2403.706
4,1020.683
2,1360.179
3,946.612
10,2126.879
6,2284.062
10,1177.517
9,1702.145
3,670.047
8,1765.0439999999999
3,1605.051
4,437.499
8,1189.667
2,1007.741
