1,1397.1979999999999
9,1381.549
6,2154.52
10,1145.124
4,1738.8339999999998
6,1425.748
5,1050.42
4,962.983
3,1050.149
8,848.916
5,1255.363
9,1260.326
3,768.22
6,717.944
5,1542.246
3,1167.584
4,1654.106
4,966.216
3,1565.5549999999998
10,1445.855
4,1588.0990000000002
6,1377.644
5,855.145
8,917.698
9,1648.021
6,2171.276
8,1652.4299999999998
6,1969.893
10,1829.278
8,2021.804
5,1731.76
4,2195.444
10,774.388
2,2028.75
1,1726.67
10,1203.202
4,936.458
2,715.671
7,2377.088
3,2500.0969999999998
8,2276.439
9,1448.664
7,1508.321
8,1433.777
1,1055.829
1,2231.581
7,1822.516
9,2254.696
10,1102.446
6,2340.532
8,3124.987
2,1707.6390000000001
8,1346.551
3,1498.189
6,405.283
2,1273.954
10,1301.617
4,1863.113
7,1246.843
6,1459.406
7,2165.591
8,1709.1480000000001
3,380.228
1,609.219
6,2046.903
10,2870.645
3,1134.211
3,953.119
8,1312.188
10,1330.976
1,1874.0990000000002
8,1349.7559999999999
5,1000.754
9,617.683
7,1737.096
7,1963.5149999999999
4,1668.839
5,2420.572
10,2147.429
4,886.317
2,1245.131
4,1476.571
7,1003.828
2,1740.362
2,1843.203
2,1704.65
4,1463.7350000000001
7,281.871
6,970.45
8,977.698
4,969.12
4,927.732
7,694.672
5,931.361
3,1441.8609999999999
2,719.126
3,1298.189
7,1649.862
4,2501.314
4,1052.938
2,1290.586
10,526.592
5,2667.983
4,1413.146
9,1354.013
6,1545.433
5,3033.513
3,2306.774
5,1976.519
3,1425.224
4,1252.083
1,726.179
3,2018.906
1,1304.0810000000001
6,1633.1599999999999
10,361.48
10,1695.466
8,1572.3809999999999
1,1666.4740000000002
1,2407.15
5,1634.79
2,1028.991
8,1390.577
9,1967.516
8,1809.893
4,1026.144
6,1329.724
1,1225.151
3,1677.775
7,847.374
7,1112.722
5,1169.167
7,1502.531
7,1352.229
9,1356.028
4,2161.897
5,1465.476
6,536.755
8,2322.933
3,1032.362
1,1104.448
2,409.442
1,1700.382
5,1470.546
8,2601.261
6,720.118
1,806.314
10,914.404
9,1301.8020000000001
1,2148.829
3,1337.141
10,1395.51
4,951.437
10,927.798
6,1414.432
1,2063.08
5,2491.013
2,432.071
5,1287.711
2,1022.239
1,1414.037
2,876.831
2,1523.554
2,2068.668
5,1838.925
4,1712.7
10,1756.351
4,2133.881
1,1736.627
7,1668.5529999999999
5,1364.991
5,1246.924
3,1429.705
10,1851.1309999999999
9,1029.395
9,1560.683
3,2158.901
5,974.379
3,1359.263
5,829.808
3,1488.7649999999999
6,1014.836
6,1237.088
10,2410.21
6,1821.345
6,1443.636
10,2420.865
2,1649.694
2,915.03
9,1248.711
2,1509.373
7,1831.71
6,1654.5839999999998
1,903.974
5,1451.536
2,1515.228
6,1881.261
10,2495.415
10,854.022
1,1488.333
3,719.987
6,2603.822
6,1171.208
2,2446.371
8,1528.652
6,1672.798
10,1266.922
8,1574.94
1,1269.432
1,1172.412
4,2318.89
6,401.656
3,1711.0520000000001
10,1337.973
3,2052.063
6,2281.428
2,2017.447
2,1693.06
6,1304.578
9,1799.036
4,1542.341
6,2289.937
6,2030.743
7,1663.7060000000001
1,857.655
1,2400.8469999999998
7,1112.097
5,776.223
9,1728.49
6,824.087
10,1363.7069999999999
7,887.935
6,2114.541
7,1000.976
5,1809.1100000000001
2,1303.851
2,1829.629
4,1697.204
3,1368.846
7,1304.644
6,1876.827
2,1990.2759999999998
3,1241.247
3,763.083
1,3135.12
4,1251.605
4,2682.147
1,1678.505
5,1795.008
1,1317.554
5,1184.5720000000001
1,1302.7359999999999
4,1966.998
4,1592.417
3,762.436
8,1516.345
7,1713.975
5,1598.96
2,1470.938
2,2026.89
6,2081.483
5,2441.7110000000002
1,1919.9
8,2004.152
8,1429.254
2,952.99
4,2286.714
2,1344.567
8,1598.871
3,2403.495
7,2170.616
4,966.979
1,1294.156
8,1666.568
10,1375.894
6,1503.4270000000001
4,1242.5149999999999
7,2842.364
3,1440.583
2,2018.209
8,1152.753
3,1038.657
10,955.3
4,2335.335
6,2039.525
1,1308.224
9,1293.327
1,1452.142
10,1982.255
1,1050.04
10,2041.097
10,1542.5549999999998
9,1204.977
5,1879.0320000000002
9,916.85
6,829.103
9,1059.668
6,1777.4270000000001
1,1436.75
6,1322.247
6,2461.9030000000002
10,1103.648
4,817.014
7,1251.8220000000001
4,609.23
2,412.941
7,1096.125
7,1258.781
2,962.338
2,1092.353
3,1302.078
8,1457.493
8,1620.365
1,1243.994
1,868.624
1,2733.809
5,1871.404
10,2113.95
5,1596.5839999999998
5,843.942
7,1682.871
10,1854.6219999999998
8,1090.622
4,1642.113
8,2448.615
7,1293.283
9,1352.4569999999999
5,1673.612
9,1347.163
9,901.621
5,1322.999
9,2765.535
2,1335.9569999999999
4,745.144
8,683.049
3,1775.6280000000002
3,1904.182
3,2043.838
3,1532.842
8,649.941
10,942.423
10,1307.215
5,1451.344
10,1279.838
3,754.984
5,1416.378
7,1017.804
1,926.742
3,935.197
2,2673.656
10,609.135
3,1015.755
1,1754.52
4,989.58
1,1857.488
4,1341.5819999999999
7,2054.83
10,1200.458
2,1799.652
5,1502.77
2,2033.63
7,1959.1770000000001
5,1090.36
10,856.494
1,2189.657
4,2135.562
6,949.476
5,811.509
1,2439.089
3,1754.8980000000001
5,1482.334
5,2617.5460000000003
1,1722.1979999999999
7,1499.189
9,1344.728
10,1599.366
7,2542.823
10,1512.27
6,1903.164
1,1402.096
6,1433.1770000000001
4,1256.232
3,1109.226
6,1603.008
4,1759.4940000000001
1,2139.502
9,1736.391
3,1324.133
6,1256.996
6,1051.0529999999999
1,1720.199
3,1520.8600000000001
3,899.956
9,1658.922
9,1196.474
1,1374.504
10,1154.225
7,1713.554
7,1029.152
2,856.387
1,1525.489
6,1868.618
6,2094.107
1,1106.33
5,1735.2930000000001
3,1276.739
3,626.986
5,1388.42
10,574.675
10,944.119
9,857.443
7,1250.583
9,1102.317
8,1338.672
1,889.028
7,1110.484
6,1372.001
6,1557.275
5,1215.808
4,1566.516
3,2863.516
3,2104.668
6,1130.47
10,472.785
3,596.887
7,1265.6390000000001
4,656.859
9,1281.692
3,1506.341
4,1220.396
3,1250.294
10,1407.152
6,1472.786
3,1347.097
3,1064.121
10,568.429
2,1989.144
5,1709.124
5,1175.965
2,2495.645
2,997.872
2,1327.534
4,856.287
3,1163.686
7,2513.221
10,815.149
9,1737.3809999999999
2,693.933
9,2512.784
5,1511.81
8,837.755
8,1411.917
5,1919.991
1,2305.247
6,2120.947
8,1058.199
6,2142.8940000000002
8,2243.158
10,1494.3519999999999
3,2083.697
2,1959.165
1,2232.52
4,1008.122
4,2131.136
10,1757.637
2,1697.524
2,1463.069
6,691.085
2,824.063
7,1005.829
3,2181.933
6,1492.237
10,1575.278
1,2005.854
10,2243.469
8,1029.96
7,1359.017
7,1500.721
4,1340.495
5,1469.696
9,1969.733
6,1418.086
7,1212.5
3,1010.63
2,1440.854
2,2002.792
4,945.169
4,687.099
9,1162.364
2,2486.096
10,2296.436
9,1100.777
8,867.903
2,1040.214
3,2443.494
6,1618.018
2,1067.892
4,1398.094
7,2320.14
8,809.232
2,581.819
9,2302.135
7,752.203
3,1204.083
5,1241.545
1,1607.3519999999999
1,1482.751
4,658.559
5,1516.3319999999999
8,1430.517
1,1701.161
7,1540.4679999999998
3,1327.258
2,1385.628
10,2057.567
8,2363.603
2,1383.617
4,1275.979
4,1280.782
3,1486.833
7,1183.759
2,1931.783
1,1743.249
8,1005.119
7,705.022
7,2471.208
6,1370.686
10,1377.146
7,1250.326
9,1020.033
7,1907.118
1,1453.649
3,1391.533
3,1269.286
6,1305.703
9,511.278
4,1735.813
9,348.583
7,2420.663
9,685.331
3,1405.796
2,2043.976
6,540.394
1,1170.748
2,655.408
6,1557.103
9,1501.665
2,2009.83
2,1850.5729999999999
6,927.644
10,1946.658
5,1663.982
7,1379.19
10,1477.692
1,1184.904
10,1940.979
2,1207.056
2,944.154
2,1611.5320000000002
5,2961.8
7,775.001
10,2678.0460000000003
9,1181.997
3,1309.769
8,770.984
10,1396.535
4,1406.905
7,1046.832
9,902.078
8,1877.385
8,1888.1689999999999
2,1154.953
3,1574.546
1,1364.696
6,2582.9
3,734.101
7,1360.548
5,1552.0529999999999
5,1733.489
9,1948.1
10,1485.796
8,1088.145
5,2008.401
6,1742.258
9,2311.419
10,1584.7269999999999
3,1806.278
2,1770.906
4,1868.4070000000002
6,1485.7559999999999
9,1649.987
1,481.941
8,929.19
3,1360.666
4,1767.6979999999999
1,1530.395
8,1853.538
6,2112.159
6,1081.323
9,1229.027
4,941.185
4,1695.3220000000001
8,752.232
10,1345.422
