5,648.966
7,637.921
6,887.22
2,1130.962
4,894.826
6,1457.027
9,1379.348
1,1415.614
8,1391.135
2,684.797
2,1384.455
3,815.671
2,641.916
10,1239.897
8,497.594
6,2134.794
1,1515.569
2,1242.206
5,1053.584
6,1395.916
7,1031.043
9,2176.318
7,2198.026
6,1251.41
8,1948.654
2,1353.16
1,1444.3220000000001
10,2480.667
5,1780.489
8,709.301
6,2366.736
8,784.783
10,2035.751
10,1740.2930000000001
6,1433.718
3,1569.512
4,909.428
7,545.358
2,1346.138
9,1222.435
1,1629.6219999999998
7,1246.281
3,2294.005
1,998.758
3,1429.246
4,1528.7269999999999
7,2204.381
9,1208.295
4,2464.668
10,2033.941
6,1552.983
7,892.785
2,1557.042
10,2319.4700000000003
3,1816.0430000000001
9,1144.084
6,1504.937
4,910.089
9,1896.201
5,1852.7910000000002
6,748.082
2,1848.637
5,1026.35
10,2001.969
1,858.332
4,1457.68
1,1101.242
3,1041.467
5,2066.44
10,1302.902
2,1392.145
5,2601.131
7,1160.921
9,1375.108
7,1999.973
3,1714.551
5,1373.1019999999999
5,906.403
2,522.563
2,1969.2640000000001
1,1825.623
6,1300.223
1,949.842
2,1818.3490000000002
5,1443.335
5,438.033
5,646.992
6,2203.603
4,2519.935
10,1874.7179999999998
2,1709.2269999999999
2,1521.592
3,1077.763
4,1614.9160000000002
5,700.596
10,1034.879
10,723.345
6,1256.004
8,1398.586
3,210.373
2,1755.254
7,1639.694
9,827.417
3,889.188
9,1886.3519999999999
8,1662.778
2,1600.241
2,2088.793
6,785.746
2,782.099
3,1849.809
2,2031.323
8,1380.559
7,1097.414
6,1082.166
10,958.691
10,1754.44
5,2207.268
4,1156.317
4,1061.069
2,1615.501
9,1023.806
4,1478.807
9,773.25
6,2296.537
8,1256.151
4,2207.322
3,549.538
7,1299.481
5,1330.8
10,1345.642
1,1306.095
2,1510.395
5,1229.944
1,1940.385
9,1495.963
5,1071.052
2,1604.556
10,1447.114
6,1498.9470000000001
1,2604.945
6,780.917
6,630.516
10,2116.508
5,1107.368
9,1808.5410000000002
7,1207.465
10,584.181
3,2708.669
10,1373.5149999999999
5,1646.83
9,2251.236
2,1348.886
5,2302.568
4,1411.2060000000001
6,1021.563
10,1118.105
8,978.518
6,630.554
4,1234.578
4,1624.571
8,1852.9850000000001
1,822.596
1,2044.238
6,1091.226
10,1665.6190000000001
2,2351.219
1,1864.4
3,2528.265
10,2063.195
5,1395.562
5,1355.746
1,1865.149
6,1170.524
2,1666.326
8,2746.682
9,1312.242
9,1041.872
6,1209.116
7,1429.089
9,2374.502
8,1493.563
4,1363.549
4,561.686
10,1118.256
9,2003.317
3,1886.204
7,1769.214
5,1325.5520000000001
10,1650.809
5,1306.027
5,1050.56
4,1758.701
10,966.245
7,1400.916
1,2016.435
3,2002.893
8,2143.449
8,677.977
4,1024.107
1,2027.007
5,1486.562
10,850.082
5,765.085
3,1488.01
8,1025.868
1,1434.711
10,1071.161
4,388.498
10,1462.3319999999999
3,1545.612
4,1546.746
3,1505.7060000000001
3,1926.571
9,1565.838
9,1373.899
2,1304.6680000000001
1,1056.425
9,436.944
2,940.722
10,1559.3519999999999
5,1653.792
9,2194.415
10,2168.574
1,2017.884
9,2066.35
8,2482.256
1,2769.26
1,2170.221
6,1827.7179999999998
10,1936.254
9,1333.503
6,1856.3110000000001
9,1533.9389999999999
10,1675.493
3,1100.021
2,695.704
1,1201.824
8,862.427
2,1427.249
3,1129.564
4,2407.462
2,1417.653
5,2232.775
10,2621.327
8,1769.437
5,2205.984
9,2122.032
7,1515.076
10,1873.629
9,2154.23
5,1962.1799999999998
9,2496.867
6,1147.542
7,1671.488
1,1864.443
8,1501.56
2,1991.441
9,1146.213
9,1378.224
8,1838.2640000000001
3,1210.274
1,1037.772
7,1323.3220000000001
6,1129.842
1,2171.892
1,1831.517
6,1568.7759999999998
1,1296.97
8,2528.382
1,1915.594
9,2168.058
1,924.761
7,2220.985
6,713.713
7,2215.567
9,1866.045
8,2104.65
7,1776.146
3,2739.291
6,1198.167
10,710.406
7,1870.634
5,860.705
1,948.315
6,1242.169
6,1562.7820000000002
5,1710.538
7,1217.419
10,2092.216
10,783.48
6,1432.7930000000001
3,1266.525
9,890.191
1,3225.973
1,1224.1680000000001
7,1905.577
7,865.7
10,1734.1779999999999
3,1555.6599999999999
10,1496.949
4,1045.254
2,2559.366
9,927.884
9,1390.725
8,1328.874
1,1051.413
8,1415.577
10,783.406
6,1790.979
3,646.24
3,849.235
6,1049.567
1,891.4
2,1015.78
1,1124.237
2,2503.616
2,1241.5140000000001
2,1329.944
1,2092.243
3,1647.182
8,936.854
3,1641.482
1,1102.91
7,1482.777
1,1362.233
1,1398.018
6,691.411
8,1922.69
6,1570.1280000000002
7,1871.267
8,1164.3899999999999
8,1105.086
9,1268.8020000000001
7,1389.397
7,2258.677
8,2387.559
4,1751.01
3,1922.579
6,1504.965
1,810.4
4,606.435
5,702.28
8,1907.671
5,1240.819
5,1053.216
5,1664.241
10,1314.675
1,544.906
10,1304.467
5,1157.727
5,1946.366
3,1327.716
4,1266.211
8,938.653
5,1189.71
7,2084.546
4,2409.753
9,1414.885
4,1512.591
2,1154.788
8,1620.033
4,1123.161
1,956.883
7,1993.578
5,1701.6860000000001
5,1625.288
5,573.098
1,1603.241
5,1361.874
10,1421.976
6,811.998
6,922.556
2,988.589
10,533.578
10,1474.526
4,1199.228
1,1702.7759999999998
7,706.974
7,1758.807
2,1298.768
3,1458.353
1,665.904
9,1068.487
1,1745.8200000000002
3,848.972
4,1011.875
8,1894.688
5,1069.374
10,2602.3540000000003
1,658.996
1,1336.847
4,1252.595
2,1838.3719999999998
2,1317.4769999999999
7,1615.969
4,2544.0879999999997
4,1123.023
2,984.868
1,1696.249
5,1332.6399999999999
8,1197.938
5,2109.124
8,973.024
7,1941.609
2,1918.954
5,1216.81
6,1425.374
2,1876.9740000000002
1,1628.972
1,373.686
4,986.402
7,2636.4030000000002
5,1264.603
3,813.073
1,1077.323
4,890.967
3,728.075
7,2666.785
5,689.057
8,1855.629
5,663.85
8,947.912
3,831.938
2,663.784
8,2271.565
2,2961.457
6,1314.6309999999999
2,942.202
10,1350.944
9,1886.9299999999998
5,482.503
2,1454.717
5,1865.5720000000001
7,1183.362
1,1835.528
7,2086.155
8,491.3
4,936.11
2,517.211
7,593.983
10,1806.363
5,1282.378
5,2488.804
2,1697.774
7,862.938
10,2182.693
4,1444.71
1,1061.466
1,1017.121
1,1609.906
9,991.671
9,3033.695
8,2668.163
4,1474.375
2,1691.598
9,1541.661
10,1728.1109999999999
3,1234.7359999999999
3,2016.584
6,1782.979
9,2196.7
7,1845.6799999999998
8,1377.8809999999999
1,1388.219
7,2032.501
3,494.211
7,1112.772
6,564.015
1,1109.229
7,2425.535
3,1690.9479999999999
6,1359.779
3,936.487
7,941.064
3,1241.941
8,1610.001
1,2465.944
4,838.656
4,1645.2179999999998
5,959.817
8,977.328
7,1810.7730000000001
1,1731.4850000000001
1,1457.267
10,1981.211
1,2093.006
5,783.385
3,2032.324
10,1826.3429999999998
3,814.533
6,1124.474
7,1082.4279999999999
6,1066.217
10,1055.611
2,1553.483
9,1761.786
8,634.785
2,1943.635
8,880.164
4,1479.4859999999999
3,1780.726
7,1444.37
9,1200.474
7,1374.62
3,1058.509
3,1347.496
5,1187.441
6,2564.193
7,892.942
5,361.902
8,981.059
8,1670.751
7,1196.349
10,1102.236
2,1227.131
4,1135.983
3,1904.972
7,1587.357
8,748.551
7,1649.7640000000001
7,1181.964
9,1845.6109999999999
7,2500.099
6,1878.219
8,1078.21
9,2662.444
1,2759.016
2,1177.259
1,1788.635
7,1568.63
3,1943.943
1,1966.502
7,1254.277
8,2090.965
2,1393.672
2,1177.024
4,821.961
8,1784.786
3,836.096
4,1724.83
8,1771.21
2,2293.934
1,1383.449
6,1082.114
6,1474.309
3,769.871
8,1374.181
7,1981.4299999999998
10,1070.477
4,1471.151
9,2715.552
3,2081.171
6,2047.226
1,1817.908
8,702.05
10,1701.2530000000002
2,1095.496
2,1017.584
5,2144.929
1,259.793
9,714.958
9,1349.99
7,1514.795
9,989.144
10,2441.932
10,946.063
7,1646.612
5,1822.519
8,1181.141
9,649.499
10,1028.285
7,1668.615
3,850.783
7,563.916
6,2522.733
5,1621.6770000000001
3,1277.4940000000001
8,1180.647
4,869.036
3,1749.646
2,1640.885
1,3094.667
5,2616.998
3,1817.504
3,1238.564
1,1439.988
9,2251.489
10,1726.258
3,2493.647
6,1544.505
1,741.723
2,1123.532
1,2159.024
2,825.06
10,2042.882
7,1905.904
10,1152.82
6,2119.358
10,1723.146
1,1628.589
9,1690.133
2,1017.137
2,1147.729
3,783.742
2,2635.237
9,1564.5639999999999
5,1065.589
10,890.509
