7,304.324
9,544.912
10,144.549
3,782.754
8,2356.86
8,1619.853
6,1145.563
4,1193.567
3,1649.696
2,1466.003
9,1709.703
1,2280.297
5,2117.6059999999998
4,904.995
3,1769.5
4,1251.195
6,820.703
9,2146.527
8,976.498
3,1763.374
5,1161.681
5,1973.732
5,1364.193
10,1357.7939999999999
4,1011.519
3,285.71
7,1129.229
1,1789.988
7,715.79
1,1644.17
1,1401.647
9,711.793
10,1964.327
2,1445.439
9,1840.0819999999999
2,608.939
6,1181.6100000000001
1,1346.873
7,1657.08
8,1692.342
5,1189.954
5,1945.808
6,1248.152
9,692.308
9,1136.094
10,1446.143
7,1176.716
8,1119.684
3,1394.358
9,1923.6860000000001
10,3040.831
9,1421.978
4,1457.32
6,660.651
10,609.452
3,1707.6019999999999
9,2627.023
3,1410.75
1,1109.358
10,2331.9049999999997
9,1117.139
1,1041.805
8,1413.761
1,2021.42
3,565.919
3,2007.571
6,2184.55
2,1502.664
5,2442.241
1,1941.096
9,965.257
3,2088.528
8,2005.526
8,1366.921
8,1782.008
2,915.216
2,852.116
2,2110.216
3,1355.2069999999999
3,2198.647
6,2368.907
3,1043.664
3,874.001
9,2326.009
6,664.559
7,968.018
8,2185.755
3,1079.655
5,732.549
5,2014.759
6,939.811
9,2029.845
7,1585.4969999999998
7,785.684
1,1134.356
7,960.461
7,1247.003
6,1577.8899999999999
6,780.625
4,1486.1109999999999
1,900.637
7,1183.817
8,2826.883
2,2864.342
3,921.569
9,1446.974
4,340.773
6,1982.056
3,1151.685
3,1619.232
4,1714.333
1,1730.859
9,1810.942
2,1656.777
5,1281.818
1,1697.078
5,462.34
6,1334.872
2,1030.169
10,1844.839
3,772.338
6,1501.201
6,2914.315
9,752.402
7,2139.273
3,2041.731
5,1415.8220000000001
1,1367.908
4,873.235
6,1700.551
1,1254.761
9,900.891
1,940.004
5,2612.535
6,1688.3110000000001
5,824.332
3,1254.509
6,1752.569
9,863.771
9,2207.573
5,1186.1
6,1294.3609999999999
6,2655.7709999999997
1,2230.757
5,1144.673
6,863.174
1,1017.581
3,2014.916
8,1967.0520000000001
3,1115.0720000000001
5,2463.601
7,1383.785
5,691.38
9,2185.079
6,1996.045
2,1539.638
5,984.33
9,2305.098
4,2202.896
9,1613.923
8,1455.981
9,1220.974
1,1098.98
7,2165.604
2,1416.385
7,2062.742
9,1498.938
7,1617.731
2,1228.035
5,2248.3559999999998
2,1793.633
1,1428.304
8,1037.245
5,1452.693
1,1074.825
3,1652.809
8,1113.9569999999999
8,2406.527
7,1633.732
4,768.731
2,2123.053
7,969.428
3,1796.809
6,1118.313
5,1230.017
8,1812.857
5,1596.9009999999998
4,1651.766
3,1478.909
2,993.592
10,1694.171
3,1300.857
9,1299.203
6,1714.3110000000001
5,643.339
2,1127.05
10,1493.259
7,1208.828
6,800.565
4,1587.775
4,1861.134
4,1481.892
4,831.741
4,1476.7559999999999
3,1377.577
9,1341.7060000000001
6,1690.281
4,1123.645
4,1653.505
1,1585.045
7,1559.696
9,1943.4279999999999
5,1542.8980000000001
9,1810.364
10,848.877
6,612.084
4,678.408
1,1668.676
3,847.69
3,1278.923
4,2245.366
3,1765.517
4,1700.7469999999998
9,2463.37
2,1147.724
6,776.93
3,1727.842
4,1972.857
2,1340.557
10,2047.866
8,2600.478
4,3167.256
1,981.172
5,1485.98
6,1751.547
1,2038.986
7,2072.843
3,1842.309
4,721.869
3,1667.3429999999998
5,1772.912
10,1684.262
10,2412.984
4,1181.973
2,1657.892
4,1392.87
8,2352.531
4,2048.23
9,1605.971
7,1698.606
7,1532.345
8,1055.022
5,700.954
7,551.936
8,1283.325
8,1054.446
7,3138.428
4,1244.656
9,2333.311
4,815.523
10,1609.2939999999999
10,2205.79
10,1396.628
9,1028.04
4,1033.171
7,1341.1979999999999
7,1999.8020000000001
7,1607.4270000000001
6,2301.201
7,2530.067
10,1437.217
7,1190.114
9,2335.705
2,1690.517
5,2158.309
8,2105.707
2,1640.545
2,624.501
1,1017.218
3,1372.297
2,1284.584
8,1547.614
3,1756.3609999999999
9,2429.587
1,2309.433
10,987.981
5,1996.267
4,1818.356
2,2559.457
10,1185.214
6,1090.537
8,1274.649
4,1706.0320000000002
1,1930.309
9,872.504
8,929.95
9,1186.073
10,1387.618
7,2016.126
2,1997.658
3,1142.859
1,2113.729
3,1424.313
9,2036.857
6,2309.246
9,1294.854
10,1118.277
10,1765.146
1,576.216
2,1064.241
8,1199.886
8,1776.242
10,885.729
7,1053.426
10,1279.451
10,704.919
1,1148.8
10,1301.087
7,2249.163
7,1641.728
7,1401.126
5,2315.466
3,937.27
8,1435.386
9,1794.098
3,1659.931
4,2438.749
1,1409.693
2,1400.238
6,1040.196
6,1174.429
7,1759.375
8,1094.749
7,1919.133
6,2284.352
3,896.33
9,466.456
10,411.535
7,1197.037
2,1500.337
6,1483.528
9,664.803
9,1137.41
6,548.735
3,599.728
10,1243.9850000000001
9,1648.525
3,2332.599
1,171.994
1,309.996
3,1506.798
2,1137.326
4,182.775
4,1243.1970000000001
7,1213.84
10,1400.036
5,2670.593
8,1126.361
5,1375.888
9,1545.022
1,2372.319
2,840.874
5,1102.2
6,2271.668
2,1986.6970000000001
10,2945.319
7,1409.173
6,869.454
6,1630.914
1,1217.922
5,1223.374
6,661.683
2,2044.695
4,1959.9679999999998
9,1909.479
3,986.057
8,1300.836
5,1256.357
4,1402.675
4,824.418
2,960.099
10,1747.504
3,1834.567
5,1575.194
10,904.059
9,1159.228
9,2645.9719999999998
6,832.86
10,1202.266
9,2827.309
5,2724.3379999999997
2,1799.266
9,1158.919
5,1882.55
1,1506.2640000000001
5,918.994
2,1845.676
3,1559.518
8,2168.724
4,822.219
6,1161.455
10,1102.43
10,1682.949
6,1502.8229999999999
5,1035.827
7,1792.731
3,1382.58
1,842.533
2,1973.158
5,1431.4479999999999
10,2079.047
5,1587.2
10,1600.934
8,953.172
9,1926.202
3,1274.911
9,1708.8319999999999
7,1990.899
3,1626.537
4,978.695
9,880.645
9,275.747
6,736.113
5,1237.581
10,789.413
10,1343.194
9,1655.3139999999999
9,1374.365
8,1443.93
9,760.436
7,1679.866
3,1059.268
6,599.96
10,1584.383
1,1253.0
3,1109.736
1,744.989
5,1308.259
2,982.953
4,1015.143
9,1028.314
10,971.101
9,1247.637
9,817.266
8,1014.053
3,1551.858
4,1721.755
9,1612.045
3,1243.944
6,942.277
7,1589.4850000000001
1,1770.9
10,905.95
3,2704.583
6,1097.567
6,1677.1660000000002
8,762.826
8,705.347
7,2190.507
6,1532.106
1,842.592
5,998.74
9,2349.407
4,1596.344
8,1129.299
2,950.283
7,1405.366
8,1256.288
9,1747.663
8,1161.279
8,1012.961
1,1858.7359999999999
9,478.028
9,1184.536
7,1821.554
6,1936.054
4,1462.559
3,1778.6100000000001
7,937.957
5,939.605
5,938.251
4,1275.496
7,1398.768
1,2880.628
4,1543.587
9,2023.219
10,1185.01
5,1600.9679999999998
8,1391.931
10,1402.849
1,2358.329
5,1935.0259999999998
4,1355.6190000000001
5,1094.817
6,1635.086
3,1647.2469999999998
8,1173.454
5,240.871
6,1201.552
9,1215.649
6,1012.321
3,1984.237
4,1681.9389999999999
5,1224.719
10,1031.94
4,913.58
6,1536.415
7,3079.46
1,982.055
2,2374.214
1,1409.122
5,2415.882
5,1706.783
5,2146.304
10,1780.074
9,1122.589
8,1733.8049999999998
6,1897.304
4,982.221
4,1176.739
3,1365.444
4,1852.1509999999998
2,391.887
1,279.623
3,559.623
2,2478.719
6,1456.965
5,1155.827
4,1967.472
10,1511.371
6,2151.701
6,1359.002
7,1179.373
1,541.492
7,1753.3980000000001
5,2072.046
2,714.578
6,1137.663
8,1327.734
10,442.473
7,1042.929
8,1576.649
9,1405.992
6,2480.128
8,1254.8600000000001
4,749.217
5,1892.732
7,1716.141
1,1590.8200000000002
7,1361.432
1,1071.824
2,1546.149
6,1388.159
3,1628.972
4,2396.793
8,1452.826
3,2668.061
1,1465.907
6,1453.124
10,624.103
7,1568.6219999999998
5,1459.3690000000001
8,1578.005
1,469.281
6,1348.5729999999999
4,822.085
2,2087.034
1,1589.444
4,678.781
4,1197.29
4,2976.9880000000003
3,2035.403
7,973.224
4,1776.144
2,1048.108
4,2377.436
2,2331.84
4,1102.161
4,2097.699
2,1043.686
6,694.515
10,434.191
6,1885.613
9,2764.927
8,578.375
10,1347.233
9,1312.042
8,1091.408
8,1782.101
1,1706.6889999999999
6,1884.85
7,996.053
8,2722.943
9,2593.9210000000003
9,975.05
7,1266.72
1,1966.767
8,1997.326
10,2031.529
7,1947.396
8,2071.73
7,1315.512
10,1621.813
2,1676.469
5,1893.2359999999999
1,1182.037
10,1038.013
5,628.66
4,1605.1019999999999
2,490.006
9,1621.925
9,1906.527
9,709.884
2,588.78
