8,479.928
5,2442.2799999999997
4,1661.212
3,2166.01
6,1936.671
8,833.144
7,1864.883
10,1844.498
2,1622.284
2,752.118
5,914.981
8,1866.964
5,985.166
4,1104.76
6,1038.29
3,1669.279
10,843.332
5,692.872
3,1485.757
8,1733.741
4,1933.8809999999999
10,922.801
7,1381.912
5,2216.626
1,940.381
7,1465.4569999999999
5,1531.8780000000002
9,1918.408
4,1418.039
10,1273.284
7,1667.812
7,1022.961
2,1439.093
3,726.235
7,1074.615
1,1103.376
6,1700.231
10,1228.878
1,1539.097
6,2272.447
2,769.746
7,2726.652
2,2231.103
10,1790.634
6,1972.703
9,1388.708
5,2118.091
4,2240.978
9,909.751
6,1331.887
8,1579.405
5,836.419
3,1389.589
6,1151.6680000000001
9,2366.639
5,875.537
5,1466.317
4,1955.406
3,762.381
4,1557.6689999999999
8,1029.524
8,1613.825
5,1216.456
5,1033.041
5,1810.816
6,1896.926
2,2260.068
4,804.606
2,2083.746
1,1626.696
2,611.526
4,1318.84
6,1043.508
4,852.103
6,1001.991
10,1175.683
3,1340.546
5,951.253
9,1485.926
7,3219.378
9,649.227
2,1863.3890000000001
8,1639.476
5,1374.903
3,2205.8559999999998
10,2192.169
4,864.003
2,1226.887
8,1552.027
10,1454.5430000000001
10,972.574
5,1643.645
1,1247.3220000000001
10,842.774
9,1379.324
3,1615.046
10,2169.838
6,1519.048
1,1104.621
9,409.923
5,1613.6480000000001
6,1048.76
10,1198.658
2,1791.163
4,1157.402
8,1718.464
3,1343.116
5,1651.529
3,1626.203
3,1946.094
3,1006.128
6,869.537
1,1706.72
8,2321.066
8,1447.325
10,2624.487
2,1934.583
9,1573.155
10,1615.963
10,1560.932
5,1237.9470000000001
8,806.748
5,2486.396
2,583.087
5,1189.496
7,1426.844
3,727.865
4,1701.6570000000002
7,1521.44
6,1120.585
3,1010.725
2,1429.084
3,1159.376
9,1330.856
4,609.364
4,1496.35
8,1348.997
7,1511.679
5,2033.907
8,1339.7
8,1192.394
5,719.904
5,469.771
3,2921.888
3,989.703
7,1894.221
7,2110.399
8,1179.5819999999999
8,1983.2
1,1255.51
2,1400.731
6,2033.485
2,1509.7350000000001
10,872.941
5,1367.761
1,1025.075
3,858.443
10,2043.718
9,2559.765
6,1606.033
2,1404.423
1,1566.5900000000001
10,1059.775
5,1540.691
1,2041.192
6,1263.738
7,1768.01
3,2068.875
4,1739.02
10,1916.726
7,2054.136
7,1348.939
1,1329.8310000000001
9,1926.829
4,1548.757
3,1167.253
10,1331.675
9,1545.161
6,1916.252
5,730.815
3,2049.768
2,1082.232
2,774.302
3,1877.277
4,1075.227
2,2179.737
8,1462.103
9,856.638
5,1717.533
4,1889.908
7,1415.459
9,2075.455
4,1025.312
10,1043.74
5,2030.78
1,2595.26
6,1350.407
2,1971.536
7,1047.511
10,1888.886
10,1376.8690000000001
10,1214.698
8,1382.3229999999999
5,1530.007
6,1788.05
2,2053.846
2,935.456
5,1494.479
1,2477.088
1,672.913
6,1941.096
5,2599.353
8,2004.247
9,2266.4809999999998
10,1131.07
6,1097.524
3,2085.102
4,1349.201
5,1652.8110000000001
6,1058.083
3,2168.072
9,1600.333
9,1446.769
9,2291.478
1,779.31
8,2381.367
4,691.54
6,1982.143
2,1889.8310000000001
2,1030.011
9,1876.0059999999999
10,2122.191
6,1594.088
10,2828.334
8,796.041
8,1751.318
2,1541.068
9,541.981
2,1335.7359999999999
9,1555.373
1,2253.931
9,1125.232
5,1504.138
6,2401.978
7,1485.496
4,1111.278
3,1986.614
5,1550.353
9,970.368
5,1346.383
1,1863.662
2,1867.737
6,1662.4589999999998
3,945.276
2,1863.712
1,1802.2469999999998
1,1042.134
6,814.864
1,1755.379
2,1484.1770000000001
2,2671.76
7,1589.196
2,800.47
1,1448.8310000000001
3,1991.7930000000001
4,1907.005
6,800.937
2,1087.534
1,1158.33
6,2620.035
1,1800.917
6,1011.126
8,1691.995
10,2547.27
9,1447.473
6,772.138
6,1333.054
4,1845.5720000000001
6,1630.7910000000002
2,1328.807
6,1161.679
3,1114.215
5,2483.3450000000003
3,1313.663
6,1370.839
6,1196.576
5,1925.542
8,1169.614
6,1422.784
7,3066.335
6,1295.807
6,1496.774
3,732.874
3,1578.1799999999998
3,1207.405
2,2701.172
1,1985.884
7,2021.4
7,1109.222
10,957.814
5,1848.739
10,1801.577
4,1624.411
9,1421.147
5,2954.003
5,1065.496
10,999.684
8,2010.003
1,1724.23
1,1279.496
3,2524.432
1,1294.454
2,817.804
4,2080.037
6,1411.384
10,1213.771
7,1853.8110000000001
3,1564.5430000000001
4,1288.0819999999999
9,1145.3600000000001
7,1836.828
5,1212.687
7,1540.467
7,1199.897
6,1370.5720000000001
3,1308.247
1,1425.4769999999999
3,1008.915
3,1693.417
5,1301.063
1,1831.353
4,1438.2640000000001
9,1290.734
2,1772.7759999999998
2,653.09
7,1401.214
9,1648.3110000000001
10,1715.94
1,1261.825
5,1996.409
5,1466.894
9,715.873
4,1639.879
7,3008.586
2,650.741
8,996.751
6,1525.906
4,1466.7269999999999
4,2168.63
10,1655.386
4,1296.826
2,2229.946
9,853.109
6,2373.1639999999998
1,1076.272
4,969.964
3,1828.438
8,1747.071
10,1261.008
4,1130.6
3,1292.674
10,1920.5720000000001
6,1378.942
2,2478.139
6,1043.701
8,1399.191
7,1360.5230000000001
4,1918.137
10,671.614
3,2025.752
3,1319.555
7,1110.942
2,841.848
6,1059.189
9,847.337
4,1002.995
8,1540.951
3,1088.0430000000001
2,993.971
9,1586.104
1,630.527
4,1340.016
9,1336.788
10,1744.2150000000001
5,1015.911
8,1018.607
10,886.054
6,2031.821
7,1594.4009999999998
7,1148.9859999999999
2,1777.908
9,1725.667
3,1091.963
4,791.971
5,680.872
1,634.37
9,2034.064
2,1194.728
5,2000.155
3,1189.068
2,952.046
6,1794.22
1,542.373
5,1134.601
3,1649.4969999999998
10,2415.793
2,1409.8220000000001
7,2666.851
2,1001.906
3,1233.967
9,1157.785
6,1062.048
8,917.048
2,972.169
1,1394.753
8,476.351
9,1341.637
9,2458.946
3,2005.731
9,1234.9850000000001
1,782.693
8,1629.423
9,628.1
10,1081.34
8,2184.082
8,1732.807
10,1794.783
4,869.66
3,752.942
1,881.771
9,1677.671
6,1698.98
8,1423.781
7,2890.107
10,1190.849
7,1566.142
4,754.029
8,1417.167
7,1913.0520000000001
8,1230.693
1,2110.011
9,1163.033
4,1799.425
4,1867.932
5,1468.879
1,1393.922
8,992.461
1,1010.064
5,1044.99
3,1100.113
1,1201.967
1,1768.903
5,1403.751
6,1497.792
4,915.93
2,1518.9009999999998
6,902.726
5,1400.42
5,1860.319
7,703.938
7,2006.841
8,2078.556
4,1696.6219999999998
10,931.066
2,1196.345
8,1211.781
5,2006.879
2,1945.892
10,1783.252
8,1057.444
2,2812.505
4,1484.507
3,1350.785
6,966.546
5,1226.858
9,2737.843
6,1253.425
2,1373.843
3,1248.67
8,2245.998
7,1190.752
3,1065.104
1,1260.158
10,1714.848
5,1279.617
10,2290.392
7,1308.1100000000001
4,1674.884
1,1940.328
9,1026.531
3,1276.596
8,1045.205
8,2197.717
3,1271.722
9,1681.2910000000002
9,800.168
4,795.37
5,731.99
10,1337.038
1,1908.701
10,1766.0810000000001
9,2806.078
7,1124.012
7,1431.0720000000001
4,1211.3600000000001
9,1522.51
3,1167.44
2,803.465
10,1628.115
1,1738.591
9,2414.994
4,1549.938
5,1849.06
9,933.744
10,1267.936
8,3666.173
6,1208.491
1,1891.623
1,1031.697
2,763.352
8,2067.763
3,1349.069
2,2072.229
6,1666.232
10,942.232
9,2207.619
5,2287.712
4,2310.11
4,1166.426
2,1536.181
3,1981.473
6,1733.743
4,922.119
1,1534.24
6,1988.605
9,680.41
3,1275.752
6,1529.8519999999999
5,1256.405
7,1126.278
5,1454.339
10,139.132
2,2396.619
5,1651.5729999999999
6,988.278
1,1626.182
4,1599.3609999999999
7,1432.532
8,1484.003
8,1333.747
5,1516.062
2,1769.047
5,2631.666
4,1856.231
2,1178.94
3,1527.127
10,1505.962
6,1694.518
8,1874.935
3,724.176
8,1789.107
7,1700.76
8,1349.4940000000001
8,1794.37
3,1277.0439999999999
4,639.907
1,1364.031
5,430.977
8,419.79
6,2825.274
6,1161.509
8,2495.423
3,1612.453
9,1764.3490000000002
6,1511.487
1,1966.854
2,1153.334
7,2964.956
6,1855.364
8,1035.299
10,1282.5819999999999
6,1671.692
10,2394.393
10,2125.962
9,1403.245
1,2640.3940000000002
1,1141.537
8,1516.27
9,1729.091
10,1502.028
2,1285.4769999999999
4,2346.627
6,1763.719
1,2007.549
4,411.004
10,1329.088
