8,515.045
7,570.505
3,838.6
6,601.997
5,605.801
6,1218.726
3,1265.2
3,2734.517
5,1059.586
9,1503.483
7,1809.714
4,2102.339
5,1470.086
6,2245.887
9,1308.107
5,1370.7
3,1096.96
9,1276.377
5,972.75
2,2114.28
2,870.871
10,1215.401
3,809.051
10,1533.2930000000001
5,1684.12
1,1437.603
8,1656.5149999999999
9,2121.205
8,602.217
3,1544.952
9,697.789
4,808.62
1,1067.006
8,1390.628
7,1873.8200000000002
2,1345.309
1,1182.403
9,1492.83
1,1028.408
8,1684.655
7,1361.041
6,802.763
1,1458.876
8,1139.908
8,623.799
2,1113.0819999999999
7,2021.996
5,1553.033
6,1636.717
9,2465.346
1,2239.037
4,1235.129
6,1558.498
6,2130.385
3,2338.98
6,1989.155
8,2039.705
7,1342.638
7,1172.749
7,710.79
3,1142.422
7,1338.747
1,1483.2069999999999
8,1926.96
2,2137.245
8,1050.561
4,1812.344
5,2690.14
3,1988.8690000000001
2,2000.896
8,1336.775
4,2452.034
10,2092.333
4,1171.878
9,1521.9160000000002
8,1200.008
2,1210.98
10,2219.2889999999998
3,1778.28
7,1113.861
5,1382.777
4,1618.522
7,1197.557
8,781.612
10,1032.721
8,1411.225
10,1938.903
10,2807.446
10,1545.758
2,1653.551
5,1228.216
1,586.871
2,1827.345
10,1471.883
2,1838.399
3,1528.6219999999998
4,1458.099
9,1595.857
6,2370.978
1,691.298
6,883.001
6,1462.407
8,2010.881
7,2013.565
6,1072.263
8,1236.324
6,1510.13
1,1527.894
3,680.032
6,1281.2930000000001
9,1516.8429999999998
1,1643.922
8,1707.967
7,1640.774
2,1787.432
7,2630.236
8,1456.738
6,2001.983
4,1897.2150000000001
1,1602.507
5,1461.56
8,1106.221
3,1403.988
4,1672.816
10,1827.729
10,1727.4270000000001
2,1243.926
8,672.644
6,2223.706
6,1158.085
10,1279.095
2,1567.0439999999999
2,1330.562
7,1037.814
7,2058.315
2,2578.873
7,546.689
9,1678.92
6,1753.126
8,676.621
6,1511.3
2,1511.5819999999999
6,1632.571
9,1052.473
7,1518.2530000000002
8,799.424
2,1254.975
10,681.39
7,1851.379
4,2539.057
3,1599.318
3,1563.0
5,1222.15
3,2441.141
4,1655.1399999999999
4,1218.275
4,1665.8490000000002
4,1510.185
3,1670.5529999999999
8,1048.0720000000001
9,2717.007
3,869.655
2,800.228
1,1935.225
4,1237.982
7,2293.947
6,1551.815
6,1745.3200000000002
1,1413.094
7,1342.742
5,1469.038
4,1185.387
8,1681.716
10,1534.95
8,1163.5819999999999
3,1545.211
10,1843.379
2,2144.244
3,965.365
7,1619.742
7,1143.089
3,1603.453
1,1082.019
7,1567.452
5,1794.145
2,1806.722
1,1001.78
1,1237.009
1,1532.458
10,859.984
3,2297.872
6,1223.97
6,1638.242
4,1716.325
1,688.706
3,1485.5
4,1263.339
7,904.4
5,1181.595
2,1196.94
1,1471.858
1,1203.3
4,1112.506
10,1560.2060000000001
7,1180.433
7,1348.3600000000001
1,899.097
7,1334.9560000000001
7,1599.933
4,1469.452
6,873.326
6,470.88
8,1837.1109999999999
6,866.558
6,2229.678
5,1662.21
4,2689.333
10,2478.796
1,2172.459
2,1328.6970000000001
2,1932.595
10,958.732
1,800.788
6,2885.823
4,2267.01
8,1190.02
6,887.919
6,1410.317
1,1973.344
2,2043.038
1,1485.613
6,1539.02
3,2219.997
10,868.356
2,1511.5810000000001
7,1584.728
3,1107.776
2,2331.372
10,2377.046
2,1210.902
9,1853.4859999999999
8,929.767
6,2121.898
5,1794.496
10,3393.069
8,1716.193
4,1709.0529999999999
4,569.633
3,1407.312
6,2208.087
4,2560.138
1,2121.873
2,2115.528
6,2456.279
7,692.076
2,1939.2530000000002
8,1101.413
5,2467.3469999999998
2,787.445
3,2204.729
9,2078.252
2,1806.3980000000001
6,730.101
7,1644.3020000000001
6,1565.5839999999998
6,1870.017
7,1172.908
10,2353.893
1,1760.545
5,1013.394
4,2519.956
2,1196.353
8,1876.1480000000001
2,1220.761
2,1590.7350000000001
5,1012.739
7,1608.738
4,2522.647
3,1099.712
7,741.748
4,1696.613
10,1822.504
4,967.592
2,1809.087
3,405.012
6,1054.814
7,1435.077
9,2145.934
9,1782.202
9,1836.0059999999999
10,659.391
2,1444.452
5,1897.382
1,2366.4719999999998
1,1701.87
8,1798.915
3,811.563
3,1008.455
2,2233.775
10,2351.791
8,1310.158
3,1402.864
8,843.896
3,1486.664
5,1304.29
5,1102.118
5,954.738
2,3265.594
3,1002.405
4,1212.565
4,1048.1779999999999
4,965.745
3,1086.275
1,1227.202
3,1971.328
2,2107.822
10,1831.663
4,2897.013
2,1596.531
4,735.195
10,1815.566
2,759.939
8,2273.293
4,1773.4560000000001
2,1545.37
3,1449.452
7,1869.461
3,1485.518
3,807.891
1,1884.708
8,2188.508
8,1605.136
2,1452.068
10,754.259
4,1542.164
7,1119.645
6,2102.693
5,842.959
3,1753.118
8,1574.4940000000001
5,245.359
9,1327.278
8,531.201
7,1006.904
4,2385.559
7,1015.547
4,1279.228
8,1315.848
6,1908.193
6,1133.366
1,1207.686
4,1302.824
10,2340.442
8,3045.095
5,1558.1219999999998
10,1503.1399999999999
6,2805.5280000000002
8,1294.964
10,1380.326
2,1238.979
7,1546.3980000000001
1,1556.016
9,2074.779
2,741.252
8,3130.921
6,2002.108
10,801.081
7,1514.601
8,1272.318
3,900.037
1,909.926
5,1013.797
1,1255.07
2,1026.656
3,1185.797
7,1807.308
10,1247.023
4,1560.0900000000001
9,1191.562
3,1712.7469999999998
3,2276.878
10,2255.942
9,1777.0320000000002
5,2443.911
3,839.023
4,1606.158
4,830.121
10,1264.589
7,2190.724
10,1657.1970000000001
5,2029.064
8,1087.106
7,1523.415
1,811.95
1,1668.8029999999999
8,1069.82
10,1865.1019999999999
8,1183.077
10,1615.612
2,1155.083
3,566.408
3,317.732
5,1514.623
2,2269.005
3,837.717
2,1172.723
6,888.878
8,2177.662
10,1171.1680000000001
8,1123.106
3,1554.623
10,480.629
1,1256.468
2,1114.899
8,1912.2179999999998
8,1094.653
3,1628.955
7,1647.973
8,446.862
2,1351.69
10,1651.507
2,827.471
3,1638.395
9,1541.9360000000001
10,908.557
1,1377.036
9,1012.427
10,1152.026
1,791.244
2,421.215
1,1082.137
3,1734.491
7,1082.931
3,864.358
6,1180.799
8,1440.083
10,1156.011
9,1664.179
9,1067.814
9,747.896
7,1488.934
1,1932.0349999999999
7,830.756
7,1819.17
4,854.304
10,1132.489
9,1914.1100000000001
5,2127.2309999999998
4,1524.806
3,890.048
8,1763.961
8,1752.3890000000001
6,1754.35
6,1430.987
1,958.217
5,2506.383
4,829.879
7,2161.64
4,1155.316
4,1589.499
5,1823.7640000000001
5,909.783
6,1442.508
2,1216.913
9,926.204
9,1490.011
10,991.791
6,1659.804
5,1326.63
8,1479.6019999999999
2,926.914
1,1166.906
3,1876.3
3,281.591
5,773.004
3,883.284
4,991.857
4,1618.4270000000001
2,1986.196
2,1605.202
1,1170.284
3,1725.562
3,1059.933
3,1520.644
7,770.656
10,1740.895
1,1870.213
6,1584.845
10,2462.191
3,1174.362
10,1732.825
7,1315.161
7,1107.768
7,761.768
8,1365.617
2,1665.7730000000001
10,2760.559
2,1173.517
7,1635.9160000000002
4,2442.9049999999997
8,1734.821
2,765.564
5,1132.869
7,2023.496
5,1296.17
10,1230.996
5,1806.241
4,1489.442
9,1883.059
7,962.405
8,1850.5729999999999
5,1487.118
7,869.881
10,1286.179
3,1010.183
7,2148.43
8,1519.133
8,2200.071
9,778.382
6,995.792
5,1872.187
9,1735.0819999999999
10,486.509
2,692.653
7,2015.702
8,1492.651
5,2061.621
5,1743.077
8,1116.593
4,2026.554
4,1433.138
9,1087.7
7,797.449
9,1242.023
7,1702.579
4,2001.362
5,743.327
2,2064.168
9,1405.083
6,643.759
9,1287.54
7,1470.597
6,1515.806
9,1842.399
4,1144.745
8,1206.1
10,1577.31
9,1082.45
6,1725.153
6,695.436
2,259.08
1,1012.691
1,1847.246
6,1102.723
6,1583.399
1,1172.94
7,1406.899
6,1504.029
3,1125.733
7,2582.7290000000003
1,2087.466
5,1976.7359999999999
8,1189.846
8,1588.903
3,2123.205
5,558.992
9,2191.262
6,1742.2469999999998
3,1246.047
9,1006.27
5,1541.905
10,1153.134
8,1052.752
8,1464.3
10,1985.642
2,807.07
3,1849.299
8,1320.909
7,1399.417
4,1188.833
7,2127.17
9,2827.485
5,1591.0140000000001
1,770.922
10,737.846
6,1744.1
3,1348.583
4,1264.4940000000001
8,1502.835
5,1105.312
9,1309.124
10,1693.0549999999998
10,865.443
6,1203.065
3,1133.519
2,1227.711
1,1859.877
6,1924.815
2,1683.0349999999999
8,1272.799
4,1085.624
9,1347.784
4,1345.216
8,1550.734
2,705.812
6,922.463
