0.0
0.0
0.0
0.049933422103861556
0.08637873754152822
0.1281005776418617
0.15840025192882973
0.16346304110017157
0.16914728682170516
0.17804244922888965
0.18212121212121185
0.1844996237772758
0.19396360408344412
0.1987659762009695
0.20318148951554596
0.2087628865979382
0.2125872134415492
0.21566975568660485
0.2205020920502091
0.22591362126245834
0.22992299229922966
0.2323605973421014
0.2351421188630486
0.24053872053872
0.2485853401763383
0.25355790573181813
0.25852456890963244
0.2600206878717345
0.2647398843930629
0.26967725475188087
0.28370098039215547
0.28890507404709764
0.2966262770254204
0.2994089834515354
0.30441400304413885
0.3075937572792906
0.31264447526583306
0.31646005509641717
0.3210382513661187
0.3249632394525492
0.3271354518819007
0.32974186307519476
0.3328877005347575
0.33565968760385323
0.33807476017201266
0.34090410357691286
0.3460493424627742
0.34938590820943644
0.3525394793000419
0.35559071729957764
0.35812931575643414
0.3641120344721456
0.36709506323949437
0.3702239789196316
0.3739837398373994
0.37669864108713136
0.3837197925838982
0.38654238275560954
0.38826032298617374
0.3897406228907553
0.3910348116356724
0.3922352269483324
0.39300937766411137
0.39748285902132297
0.3988579986895091
0.40145373217780506
0.40326924863007585
0.40635096464506854
0.4092327459618235
0.41121154021729484
0.4135583991287804
0.4146739130434811
0.4163969795037788
0.41863587540279595
0.42001953992362034
0.4231991525423766
0.42798461807376725
0.43002081165453027
0.43511904761905246
0.4389422267138337
0.44294631710362603
0.44612711022840673
0.4471323952933486
0.4481062469257308
0.45000000000000523
0.44991427871663514
0.4512907939600638
0.45286521388216827
0.4548451950140784
0.45534136546185255
0.4565009560229497
0.4587199619319586
0.4617932339720893
0.46365206468833925
0.46530707923113496
0.46767559177338525
0.4680407596109363
0.4696031199816521
0.46946419017045515
0.4710178000912873
0.4702272727272775
0.47116545893720285
0.4731182795698972
0.47468164794007967
0.4762971257932111
0.47710520437793613
0.4773096821877354
0.47831529342464174
0.4792447285284005
0.4789381307591092
0.48058287795993127
0.48198198198198605
0.48445502416504715
0.48616203004816677
0.48795482164558185
0.48982351266723895
0.49243067345784086
0.4931555179226671
0.49529824561403746
0.49682772083943544
0.498680555555557
0.5003112678979056
0.5009665838166267
0.5013047658288713
0.5032240548428701
0.5088897668905531
0.5094711917916295
0.5082159624413117
0.5101776221962886
0.5110334562868016
0.5116727763843296
0.5126724414501084
0.5143843498273839
0.5156319643425619
0.5169550611649827
0.5179710694207524
0.5195189522730093
0.5213483146067366
0.5228502145122129
0.5245617295422115
0.5272040455736233
0.5285350781533908
0.5293195925992811
0.5290492431041631
0.5314897413024008
0.5323126223962893
0.533297847172928
0.5350768687047104
0.5360582569884819
0.5375854214122929
0.5392173963602459
0.5409503964808628
0.5420852095600894
0.5420129270544707
0.5422268183384956
0.5432056347706492
0.5447348937866533
0.5448314924950356
0.5457212162238306
0.5472343767530481
0.5483185048402347
0.5497936879669807
0.5505286588758949
0.5511666666666571
0.552602436323357
0.5537003361437051
0.5546209247347196
0.5550796265787926
0.5565207889416931
0.5575529770659591
0.5582558582069165
0.5589000976244615
0.5593770279039488
0.559874743548203
0.5607330968504685
0.5609769189479236
0.5617869194921962
0.5614371768217822
0.562503323230702
0.5627911901736449
0.5635989228575847
0.5642481598317453
0.5658368561139706
0.5664168228190604
0.5671393693833978
0.5680816876587256
0.5680140416085795
0.5680172546602886
0.5686364564196671
0.5695333943275278
0.5701380430369356
0.5716881150643339
0.5724714292906296
0.5736083923103836
0.5744414387335826
0.5755941681645584
0.5767377155065218
0.5778339278636428
0.5787887769215455
0.579553848426639
0.5814426992437327
0.5814066211041501
0.5810915051586024
0.5816638046174265
0.581563316702292
0.5817104951433184
0.5830392018447813
0.5837677892066958
0.5832513699592414
0.5843247025892125
0.5850786558689275
0.5860744853111174
0.5869304556354829
0.5877725641733285
0.5884081932580056
0.5893806120578988
0.5895464323309907
0.5902882463112611
0.5904464649206057
0.5911038931745315
0.5916621645957069
0.5923229054296943
0.5919416867900822
0.5923344947735111
0.592997909159653
0.5936778547327226
0.5937541352388446
0.5942162947312754
0.5951377918202497
0.5958481145710092
0.5924026834166487
0.5929478980131249
0.5934762269286312
0.5946768060836446
0.5954246713852324
0.5963522012578573
0.5971229038598209
0.5966516366065422
0.5974096285190695
0.5978703934780758
0.5987999172356678
0.5993553985372471
0.6006987258528538
0.601583005249341
0.602161100196461
0.6028029745852715
0.6032484492327758
0.6038942523117006
0.6051729007787594
0.6058555837461236
0.606815992292871
0.6074590393782802
0.6080406026455664
0.6092091136824538
0.609424000635149
0.6097570641620119
0.6100509659831712
0.6106379623058138
0.6113865281712326
0.6111765167569281
0.6118464722189709
0.6119861548633011
0.6126629422718833
0.6129132271441331
0.612804760248834
0.6130924810869257
0.6138140914519076
0.6149299558626014
0.6150434017819613
0.6151969194403164
0.6160453008018879
0.6165285503462407
0.6172741679873256
0.6175450501394898
0.6184190734055394
0.6192026951151086
0.6197514276116949
0.6202927701419207
0.6211547035220741
0.6218789360598708
0.6214028115110084
0.6220264317180669
0.6225129163460531
0.6231756830900961
0.6238095238095304
0.6237494562853476
0.6237630913687313
0.6241886629164927
0.6241417736079716
0.6245648038476784
0.6251791344224767
0.6253263240711
0.6258168184252874
0.6254585603875119
0.626345518490894
0.6268270185894772
0.6272865583979123
0.6278437190900169
0.6287214177500687
0.6294303797468427
0.6294464323300425
0.6297891713945578
0.6304142632406995
0.6307316221407444
0.6313221095193357
0.6320219833733426
0.6314382896015625
0.6319018404908052
0.6324404761904838
0.6324715615305149
0.6328721866611686
0.6332233450195999
0.6336422931685628
0.6337101747173773
0.6339050357742032
0.6345122159576371
0.6351512670964309
0.6356921610674382
0.6359926545603029
0.6364870828665605
0.6370189866991673
0.6379513014273843
0.6382600529899176
0.638408420488079
0.6383121008459681
0.6382943255317852
0.6389248812253027
0.6390715281928799
0.6384635779147737
0.6388888888889018
0.6392576448055081
0.6397392850089018
0.6400973332018156
0.6404926108374521
0.6408771068565027
0.6409704558794902
0.6419536305401246
0.6424283721081301
0.6433100414078825
0.6437560503388345
0.6439694361156942
0.6437580437580595
0.6442752505782732
0.6444487253580071
0.6450786329714132
0.6454213860625996
0.6453744493392227
0.6457717138950008
0.6462183273004545
0.6468238874096778
0.6471165100756232
0.6476217547849323
0.6482602118003196
0.6487302935901238
0.6491658026204337
0.6460555035859233
0.6458736447679793
0.645871615827534
0.6462915444770483
0.6466874084919675
0.6472217150508388
0.6477700814193905
0.6481296077182326
0.6485790462340381
0.6484611656367582
0.6489110707804192
0.6489734299517106
0.64932754357399
0.6488648323560567
0.6482048511047268
0.6488138030194304
0.6490078117985295
0.6493871449925461
0.6496132365678303
0.6499910506533223
0.6502380952381158
0.64980856557744
0.6495076360634676
0.6498013245033322
0.6496832101372966
0.6500438212094867
0.6507228634720978
0.6505723084074354
0.6508516874147801
0.6514598540146203
0.6519752443750578
0.652258027258049
0.6526625172890955
0.6530137104423783
0.6531679016600835
0.6535902729984165
0.653685236130238
0.6541409288492561
0.6546160655644304
0.6549737622633124
0.6554198342872009
0.6555441770495753
0.6557721224501591
0.655814348860953
0.6561192172831342
0.6563003135327727
0.6531665838440927
0.6535743631881903
0.6539554972391022
0.6545008183306285
0.6547862339573517
0.6550776680541051
0.6553055011959353
0.655727470141174
0.6557012186847122
0.6561035724926425
0.6563894523326805
0.6565861304794569
0.6566048933128553
0.6568278613402574
0.6570417437465055
0.6572928383952249
0.6576894303730072
0.6579788935081782
0.6584083486019497
0.6587623670459888
0.6591974572904468
0.6594691857849968
0.6599593334917954
0.6599873277364381
0.6598204176212121
0.660119376298303
0.6605855678750417
0.6609096142775086
0.6611533537143194
0.6612612612612799
0.6612197028929037
0.661643372114227
0.6617268543795521
0.6622803602481433
0.6624646590408194
0.6627274140880296
0.6629931444832677
0.6632861087455981
0.6636518243661272
0.6638357010500482
0.6642835178351939
0.6646705054382752
0.665056731064106
0.665442489160943
0.665800667328916
0.6660814696079324
0.6664634146341605
0.66676814572394
0.6669199787218012
0.6671980566310013
0.6676262626262758
0.6678761307229191
0.6681267779372274
0.668250735460523
0.6680715486315053
0.6682211357653363
0.6678160919540337
0.668064709406841
0.6683376979673381
0.6687836222355156
0.6691297208538692
0.6690011424030308
0.6692218005011146
0.6696141080893748
0.6700049455984275
0.6702981793028584
0.67070349037563
0.6710186619458667
0.6713082344851381
0.6714965185839048
0.6711065573770563
0.6711505368525704
0.6707821918803158
0.6709191069875379
0.6708668259830598
0.6713896720402953
0.671812258049008
0.6720716825213844
0.6721370474339642
0.6714036220962274
0.671636085626916
0.6719156347672604
0.6721944245889961
0.6725910064239867
0.6726818830242549
0.6730988322415303
0.6731421523280949
0.6733973219575816
0.6734631050487864
0.6736692689850992
0.6739433458548947
0.674237064289423
0.6746704331450117
0.6749459027189787
0.6750258288719846
0.675220284964381
0.6753103771375045
0.6754613711318522
0.6752525606028807
0.6756611907258552
0.6756316218418925
0.675811518324609
0.6761499662970986
0.6763749535488681
0.6763594202898566
0.6766055045871575
0.6768587210242905
0.6771042604780053
0.6770458529384633
0.6772201483939353
0.6773034949578672
0.6776544146380707
0.6778306112604229
0.6780295204646142
0.6782945736434105
0.6786442230619484
0.6783073130649121
0.6784461152882182
0.6785543485686932
0.6788118631732141
0.6790047716428056
0.6792594105234465
0.6787154051728018
0.6790624295695243
0.6792648084407497
0.6795191551511011
0.6797293361116645
0.6798549069658023
0.6795413397706624
0.6798553926491185
0.6801916221033787
0.6805731704603527
0.6808472805672162
0.6809517462010047
0.6811738870033853
0.6812915730584433
0.6814643799472168
0.6818470570195472
0.6821802109316736
0.6818489634532487
0.681914359880448
0.6821599006340976
0.682275339602912
0.6825189727531554
0.6827042180063749
0.6830946180555415
0.6834178477007615
0.6834763018802388
0.683802847375467
0.6841036278386233
0.684407035718125
0.6846701164294807
0.6849949387262673
0.685358456475432
0.6847258906139126
0.685000749641227
0.6851507575271748
0.6846800809113006
0.6843000872099045
0.6846387525757702
0.684918714716228
0.6852511125238233
0.6854698682928729
0.6853143896147667
0.6845790485745147
0.6837606837606655
0.6838385098332527
0.6841373586471439
0.6844112769485716
0.6845670955310894
0.6849771377733451
0.685134968568941
0.6854223097758948
0.6854006360931344
0.6856065264624872
0.6858757756343081
0.6860374734085849
0.6858514659311247
0.6860488839923058
0.6857189382836436
0.685983854897392
0.6864226107083884
0.6866119387858278
0.6863482816513711
0.6865550974209481
0.6867995395892414
0.6871698721825493
0.6871813473590637
0.6874522113565696
0.6877021678419781
0.687850129510246
0.6877867949103058
0.6879441141735982
0.6880985225614021
0.6883511041891051
0.6877153155305722
0.6878565607171716
0.6880112778968854
0.6883364063522022
0.6882250465217314
0.6882333155259839
0.6886492465090308
0.6887941414500057
0.6890058756259851
0.6893156080748146
0.6896795893078167
0.6900412492633803
0.6902210183331112
0.6902701748189747
0.6904397930385443
0.6905153508771673
0.6907067269134964
0.69062823442105
0.690547321969006
0.6906112898508083
0.6909989877754165
0.6911779009823693
0.6909701985468136
0.6911818940584772
0.6914233647396122
0.6914075365688013
0.6917498259456691
0.6916657007070567
0.691787831392741
0.6921088671565817
0.6919699595609221
0.6922633127559891
0.692403798100924
0.691995481783521
0.692259138118985
0.6924163469430341
0.6924192133073637
0.6926785578168803
0.69237790963028
0.6922828421032371
0.692485724584042
0.6928308893183016
0.6925856556368805
0.6927889613457818
0.6929208220005775
0.6932578972182664
0.6934192430151016
0.6937013206907962
0.6938100340231693
0.6939939939939669
0.6941663854834204
0.6945021620710683
0.6947651608563786
0.6950568923707986
0.695360536612605
0.6953034870306005
0.6954516716872797
0.6956877171469174
0.6962060525144365
0.6953864280716983
0.6955513853625953
0.6955147639784378
0.6953245324532172
0.6953768092134982
0.6957504191267285
0.6960527750517631
0.6961072413292386
0.6961802722937989
0.6961215080010525
0.6962064171315782
0.6964060415990438
0.6965456379223065
0.6964121931480642
0.6965335058493378
0.6967248437836332
0.6970169868517481
0.6970365191200651
0.6971357945079997
0.6972789115645919
0.6970347319096846
0.6972442633497409
0.6967085897778631
0.696737967914405
0.6970085470085134
0.697120176562689
0.6973592958121831
0.697615748143377
0.6978845540554564
0.6978950909058377
0.6979736306521203
0.6973788721206959
0.6975870462482455
0.6973795435333552
0.6972110853203567
0.6972394900431643
0.6972407865424414
0.6975256720288443
0.6967188782369961
0.6968284721858243
0.6967781260884365
0.697009215788524
0.6969507536291935
0.6971636742128198
0.6973652279424164
0.6974705474705128
0.697858279703792
0.6980414527476358
0.6974088258634025
0.697562153029171
0.6977950043065972
0.6976940285664771
0.6979789647349619
0.6981935572497762
0.6985474438784787
0.6987545185108693
0.698777229757466
0.6989754904475678
0.6988229273285214
0.6989362790221593
0.6987336601306835
0.6989949492372484
0.69911444257471
0.6993104385338821
0.6994212786178219
0.6997073203741871
0.6998851040821477
0.6999189791370911
0.6999612461877665
0.7001195346565944
0.7003885160703994
0.7005427568012257
0.7007035749667981
0.7007918931614946
0.700977187777572
0.6995736743937817
0.6998119769047373
0.6998203413513959
0.7000415523975373
0.7001744330924132
0.7003685626058009
0.7001243471772833
0.700144042119866
0.7002912364309934
0.7000082569564501
0.7002145214521095
0.7004171406901422
0.7006540470188605
0.7008357187509917
0.7011845499202815
0.7013136288997991
0.7014685372056405
0.7015532483720868
0.7016914150850255
0.7015701668301884
0.7019081664299445
0.7020690778754912
0.7021512205448506
0.702396641772793
0.7025080866695537
0.7027075313875102
0.7028562155144044
0.7026050025125642
0.7027771030685377
0.7028155167689633
0.7030686501802773
0.7028335263089764
0.7030119225275975
0.7031049525275427
0.7033141210374211
0.7033499712036431
0.7034692246202608
0.7036345352678781
0.7037710566615187
0.7035124625485637
0.703664771369826
0.7037637742689057
0.7039702588055418
0.7041658728646286
0.7043031226199103
0.7046070460704167
0.7047695936426084
0.7050898913713332
0.7051512854525485
0.7049880935483941
0.7048973741001093
0.7045004245683129
0.7045975927845961
0.704769078668569
0.7049491291601564
0.7051661267351707
0.7052671075465068
0.705035859058265
0.7051563741760102
0.7053822601451184
0.7055087049029654
0.7056706229151658
0.7047107323173384
0.7048566142460223
0.7049041366129862
0.7051305740329669
0.7053347489574698
0.7053973820620032
0.7055314700365435
0.7056636243507728
0.7057938299472828
0.7060474963180686
0.7060869298769283
0.7062201396544926
0.7062307727627071
0.7063889016350355
0.706476557246729
0.7064248198362794
0.7065287061623928
0.7066172432728806
0.7068702755425041
0.7069710806696644
0.7070725510777988
0.7073689326285908
0.7075594804563745
0.7075940921359429
0.707651267127393
0.707852753307251
0.707648169120374
0.7038798647880108
0.7040587760952842
0.704118006771321
0.7041272110058472
0.7042542743627028
0.7042178085248341
0.7044204643419351
0.7045022570681383
0.7047042592015176
0.7049202186763365
0.7047281323876577
0.704694419840518
0.7038658881811259
0.7037626095279687
0.7037315191140472
0.7027471720287465
0.7026293394371099
0.7027411316329049
0.7029469490581595
0.7031034987556254
0.7033514492753145
0.7034816727197987
0.7036065191404512
0.7040142054550794
0.7040900955955691
0.7042253521126275
0.7040779292422907
0.7042130919219578
0.7043480782334638
0.7042155584527987
0.7041307268865183
0.7043068970993285
0.7045372574478336
0.7040669374117423
0.7041659469107586
0.7044353389403578
0.704339860299962
0.7044778254649006
0.7046646938570793
0.7048749482223732
0.7050157589240669
0.7051911984618202
0.7053674366966524
0.7054693274205003
0.7056511126248409
0.7057839049158483
0.7059465589339684
0.7061697968895613
0.7063111262083254
0.7062993462942072
0.7064868608907854
0.7065705807545123
0.706723709476969
0.7068218694884921
0.7069638904163232
0.7067860814216671
0.7070340520696635
0.7071754866820842
0.7073133049621048
0.7074841390151717
0.7075848723233764
0.7075851241290908
0.7075721305278649
0.7076511907759913
0.7078106426123627
0.7079140109582494
0.7080401027702893
0.7081711519412525
0.7082653502349361
0.7081696888665642
0.7081976792720192
0.7080279813457309
0.7081080331641472
0.7082865732850809
0.708352375808402
0.7081534373961756
0.7082884376294682
0.7084696173007802
0.708483219626453
0.7086328953529639
0.7085225240099797
0.7086668316967476
0.7084037423236659
0.7081515026759609
0.7083727498320143
0.7085696282293266
0.708825944170735
0.7085915165442065
0.7086766976890019
0.7082173082172719
0.7081424520069439
0.7082567057637191
0.7083945778212937
0.7084778970569869
0.7084097672332611
0.7084181112828938
0.7077475281050724
0.7078292874346775
0.7080850258779959
0.7081763554114862
0.7072756669361023
0.7074599135667504
0.7075511055485691
0.7075582099188568
0.7077487502015477
0.7078346832144307
0.7079072389080922
0.7081255028157359
0.7082864340461703
0.7084120160177535
0.708490641818588
0.7086109550185654
0.7086926872317064
0.7088411374812599
0.7090476953479363
0.7092638544251135
0.7093367469397239
0.7091490211745597
0.7093099088307405
0.7094255808695116
0.709492678519197
0.7095494060654032
0.7096401846839384
0.7096051934286947
0.709772167976475
0.7098479142717198
0.7100840890789544
0.7102493074791986
0.7104635377538525
0.7106818870060707
0.7108082558688916
0.7102594339622404
0.7101749719679602
0.7102716203559003
0.7103518215149227
0.7099530004414157
0.7099904013282329
0.710133654830874
0.710163501495189
0.7104096379312433
0.7104606835949979
0.710638462730499
0.7107120279702104
0.7108662026295309
0.7108439943828064
0.7108064619939377
0.710970464135009
0.7111642374231906
0.711431286437053
0.7112795260444594
0.7113246220855627
0.7114968572781729
0.7114557739557614
0.7115994273150159
0.7117635035004225
0.7119338412649681
0.7119336847734644
0.7120315581853952
0.7120929819891705
0.712239236995093
0.7120269176280045
0.71218957345971
0.7121625720351779
0.7120541065727831
0.7119676223617479
0.7120662281696492
0.7108427672955936
0.7109720546843548
0.7111387257117001
0.7110885301017366
0.7112381238875906
0.71096025703534
0.7109129066107008
0.710961298377027
0.7110994686026478
0.7111842679535605
0.7113345543801929
0.7115394192937883
0.7113267400634434
0.7114889808703425
0.7115152870435927
0.7117143956603225
0.7117992233925085
0.7114858423405003
0.7115862939451296
0.7117738704651666
0.7116218721037983
0.7116987001444277
0.711554354932217
0.7113488257715489
0.7115918527800309
0.7118072170893622
0.7118820744883084
0.7119730392156878
0.7120534076736884
0.7119518066400319
0.7120984579319477
0.7122726108121997
0.7123356125147818
0.7123873381434854
0.7125097125097197
0.7124956027026769
0.7126252893623799
0.7127439223809079
0.712711330717442
0.7125373387028576
0.7126016112862591
0.7126877828054389
0.7128524226418824
0.7129040805511494
0.7129703184805478
0.7131430495916583
0.7132965487395974
0.7134911768592368
0.713574112083359
0.7137047433959656
0.7135527183360414
0.7136111410731301
0.713657548853994
0.7138411079589774
0.7136879356312053
0.7137462957652343
0.713963399348219
0.7140011926058556
0.7140967430553196
0.7136448553647832
0.713731787094868
0.7138343489054522
0.7140025400895099
0.7142416696312242
0.7140995106229325
0.714341511912807
0.7140558828400543
0.7138079368456018
0.7138487339380328
0.7138707849249211
0.7139317570437628
0.714056679398326
0.7139610198433864
0.7140300686375065
0.7141680492310727
0.7143965578049091
0.7140674938898427
0.7141598844378817
0.7142957746479014
0.7144934675017147
0.7145451137508638
0.7147117644995068
0.7147950714269171
0.7149680598862693
0.7151360246490128
0.7152639253426815
0.715399951033558
0.7151811151811323
0.7153099761780429
0.715443755371304
0.7155114362011088
0.715555092158177
0.7153740173434019
0.7154973906805252
0.7157325194228827
0.7159360018483415
0.7160998360693782
0.7135534655957707
0.7136848842259436
0.7138010212824476
0.7138944052592123
0.71411629206438
0.7141750669172704
0.7142596956140851
0.714087470852548
0.7142272680781624
0.7142840915545154
0.7143489813994888
0.714475341206923
0.7146679364215792
0.7146290313438963
0.7146964603072404
0.7145409923206768
0.714558672229216
0.7146779661017169
0.7147825694185885
0.71485821367292
0.7149851648785773
0.7152035709455112
0.7151857361825126
0.7152841081738306
0.7153846153846388
0.7154161749002649
0.7153460899250104
0.715456188199401
0.7154840807904328
0.7152411359435616
0.7153430977336069
0.7148195386095859
0.7149003699109531
0.7151052478850203
0.7152401347342352
0.7152979711889005
0.7153283047415867
0.7154875419528607
0.7155964321814825
0.7157195834166313
0.7157698454981613
0.7158320856208328
0.71595166832948
0.7160584103348445
0.716020251033073
0.7161834545515195
0.7161501537372793
0.716208011833433
0.7163909110964322
0.7164396243883362
0.7165080204477627
0.716665015466272
0.7167772532708607
0.7168674036187929
0.7168497805932512
0.7170072511536211
0.7172259360490291
0.7173791423964482
0.7174756642988976
