0.0
0.0
0.015359741309620003
0.046010638297872476
0.06321585903083744
0.10636007827788678
0.14612975391498997
0.15126722987994778
0.16056091148115825
0.16731855714906702
0.1730636833046487
0.17414089347079187
0.18209588459906823
0.1885521885521902
0.19431913116123814
0.2054985638079624
0.20946938775510382
0.2203852327447845
0.23011857707509956
0.24009269988412585
0.24315384615384683
0.2483969465648861
0.2505119453924923
0.257495327102805
0.2630563798219596
0.2694383661560916
0.2748191027496393
0.27762162162162274
0.28428927680798083
0.2874468085106389
0.29292221443587996
0.29951489951489996
0.3029989658738371
0.3052559257986951
0.3124196277495771
0.31892976588628746
0.3214523650899398
0.32574454003970854
0.32934210526315766
0.33322432962720705
0.3356351791530942
0.3399999999999998
0.3402697495183042
0.3439311882765206
0.3485822306238173
0.35226775101657665
0.3641772920461416
0.366878210939858
0.37086449297038276
0.3763428235984692
0.3769569041336806
0.38013321749203116
0.38509174311926103
0.3885031303357944
0.39193912063133585
0.3991220850480034
0.4024549918166864
0.4063397453264623
0.4081918620317896
0.4097626033608887
0.4114330874604781
0.4135958005249277
0.41364113326337215
0.41613907628437347
0.4179984484096135
0.42174358974358317
0.4235923566878912
0.42602982057113237
0.42931726907629775
0.43343283582088793
0.43521578298396213
0.43683304647159243
0.4379251284560722
0.43974640331625625
0.44205675479019313
0.44701099952175133
0.4526613283089876
0.460143087929831
0.4659859314726471
0.46971922246219067
0.47402376910015825
0.4766729997888846
0.47817301620710306
0.48437757625720507
0.48516844700081313
0.486293792255677
0.48706457526990454
0.48854589764418394
0.49005871633933223
0.48995951417003275
0.4895528373771729
0.49090181963606516
0.49327497015518545
0.49590067008276745
0.4981967855742776
0.49972645564673007
0.502786377708973
0.5049123482951209
0.5048151001540779
0.5049368541905802
0.5044787497617635
0.5059069325735941
0.5077708451503073
0.5088246338715678
0.510031757892765
0.5107629173661576
0.5146332473276779
0.5158823529411728
0.5166391487800366
0.5164815152066986
0.5186956521739101
0.5201154609417259
0.5215107913669041
0.5224175035867985
0.5235062611806778
0.5270098730606473
0.5293003682272475
0.5314882506527412
0.5327914216534066
0.5336900241629265
0.5350189198486408
0.5359299931365817
0.5371663244353182
0.5384772263766143
0.5395829801661296
0.5423186942621578
0.5427034297242778
0.541803005008348
0.5431375811013153
0.5437448081076599
0.543819112064699
0.5437397305290853
0.5453117329406013
0.5463183673469412
0.5474523848282621
0.5486613662177533
0.5495956001294107
0.5506647445138576
0.5526224053240398
0.5545397225725122
0.5549433249370304
0.5553507264489949
0.556296758104741
0.5577887890987959
0.5617449664429587
0.5620260843190836
0.5629293387804566
0.5637241587445356
0.5647677739365757
0.5663923387700194
0.5679952585568291
0.5694059261421739
0.5702214452214502
0.5703068198342351
0.5711972238288072
0.5721413121845755
0.5734787600459288
0.5740650522997612
0.5748319748319798
0.5760866467151255
0.5765509391007447
0.5779193205944848
0.5786723163841857
0.5791519932384896
0.5804240977390869
0.5810161920714755
0.581980225595328
0.5823316638842586
0.5834023750345297
0.5845392022008347
0.5849766547651838
0.585369863013708
0.5860248871872102
0.586737617683186
0.5890840313428913
0.5894765245547872
0.5899019739492527
0.5907593411008553
0.5920266666666787
0.5914395852718444
0.5917993630573364
0.5921066387872588
0.5926696126852222
0.593252011419686
0.5921963824289537
0.5932303732303867
0.5939892114050996
0.5946146941915766
0.5941656050955558
0.5953352769679452
0.5959018466987253
0.5968458238708204
0.5978881206788341
0.5990729140566433
0.5994755244755411
0.6005475360876227
0.6022252441587517
0.6029854428818335
0.6036864094372265
0.6042839657282926
0.605272150353936
0.6052226967663393
0.6066465984346986
0.6076821510023015
0.6077272727272943
0.6082407739161807
0.6093820692939852
0.6096835593623818
0.6106524317912434
0.6112926136363852
0.6121991505427306
0.6135100269731663
0.6140650596770642
0.6151018033740778
0.6145538818076705
0.6153401871318237
0.6151047662906045
0.6158759333716474
0.6163569626061243
0.6168211465842998
0.6174925782142265
0.6180326000228197
0.6185750056908945
0.61914168937332
0.619934307396104
0.6203846153846383
0.6197530864197748
0.6206263982103131
0.6214062500000221
0.6221430955825306
0.6232269503546329
0.6236295313881756
0.6243493603882018
0.6250192540433727
0.6264278693895625
0.6270670147954995
0.6276468671951605
0.6272147106544329
0.6273530045229626
0.6268172043011
0.6284678537157732
0.6288387920034286
0.6285325802740546
0.6290605427975197
0.6297929886612135
0.6301867219917273
0.63043928719439
0.6309299679321665
0.6315051546392023
0.6322155934993071
0.633122190437298
0.6338565022421804
0.6346536664635669
0.6354061170751749
0.6355452154562288
0.6359543756939818
0.6365794768611955
0.6370705244123248
0.6375927783350334
0.6382229337602846
0.6389055322548718
0.6400673734271571
0.640644778481042
0.6411921444784662
0.6418307086614471
0.6414497593556917
0.6420918617177851
0.6433164458301156
0.6436116504854679
0.6447063369397528
0.6452906584402123
0.6454335260115919
0.646096153846185
0.6463571086644639
0.6474840673452239
0.6481509577091165
0.6488603045493567
0.6498257511538434
0.6504790531655416
0.651134445902902
0.6520473836396198
0.6524523033969629
0.6531490585289277
0.653465530022273
0.6541789940828744
0.6542968028091266
0.6544801547104118
0.6546056869421515
0.6551035367418334
0.656189176898625
0.6563249727372211
0.6566376496191861
0.6565751445087069
0.6573565186053163
0.6576365763658002
0.6579822118408416
0.6581661891117849
0.6575042308720428
0.6585064074238116
0.6588629943503201
0.6592736248237334
0.659836569721504
0.6601491882404948
0.6607661360853985
0.661293984109006
0.6618200836820471
0.6624098688211666
0.6627699245512487
0.6626955995504833
0.6633186642506205
0.6635415769065439
0.6634301426362306
0.663553003685016
0.6639753677728754
0.6642133060738112
0.6648148148148552
0.6653213498389413
0.6655201626567668
0.6656630581867792
0.6660923908454081
0.6668969002695819
0.667328398384966
0.6673059130288902
0.6669849246231561
0.6674358331243609
0.6678056504709124
0.6678443463045146
0.6681152181152581
0.6680398671096742
0.6683586298416251
0.6689061724309513
0.6692434753882127
0.6694247568815292
0.6696017116524422
0.6697972251868061
0.6675390117035557
0.6666453316265765
0.667076579094512
0.6679577744265853
0.6684443741098689
0.6686645054163456
0.6689518995340432
0.6692338041505973
0.6694054565526351
0.6697169811321164
0.6699905778894881
0.6697517813797293
0.6701946376925285
0.6700171687217514
0.6703934069351979
0.6708175419599728
0.6715452164535863
0.6720799692426341
0.672625527021881
0.6733170508319648
0.6739520048602954
0.6746230203834483
0.6748144782674819
0.6750377757630978
0.6754187415120234
0.6757799547852568
0.6761503759398751
0.6764515886727513
0.6766324312167585
0.6748636737133301
0.6749328959141333
0.6752122746909245
0.6756173757810436
0.6758174791914645
0.6768141592920562
0.677424097625543
0.6777468094469896
0.6777525456010737
0.6781311691160521
0.6784368151935898
0.6785662140458639
0.6775772451631732
0.6770818403325406
0.6773049138116207
0.6777444682369923
0.6782274152180291
0.6786197082888833
0.6790400454416531
0.6793076541108208
0.6799943426914804
0.6802993927411535
0.6808417792792928
0.6810236940167469
0.6812741177296145
0.681555166374794
0.6816826485616423
0.6811590165076399
0.6815762040447684
0.6818143986683426
0.6817540462028063
0.6818722345132863
0.6823723682399996
0.6822753503709913
0.6825982577680322
0.6829976709138333
0.682333785617375
0.6825499293927839
0.6829494325431528
0.6833690987124522
0.6836258877127218
0.6838998929336246
0.6842168594157421
0.6846343577094902
0.684649736719327
0.6842595054506813
0.6845893366974336
0.6848291873963546
0.6849079104279877
0.6851829792866152
0.6848132231404992
0.6851577974382705
0.6852995513328085
0.6854322937228616
0.6858607095926446
0.6861906012076694
0.6863084694613953
0.6859833867486461
0.6862796316854985
0.6866218772421916
0.6865770936603208
0.68613043760973
0.6862933610497618
0.6867207265650362
0.686786612497584
0.6872451276773663
0.6873931211829003
0.6875729774812349
0.687720870678618
0.6880163703798449
0.6886558627264042
0.688828199428388
0.6887367687139487
0.6891657706659893
0.6893635846552457
0.6896521245028066
0.68988466628852
0.6909522619345074
0.6913016348433703
0.6915368316091139
0.6918454935622212
0.6921863354037158
0.6924823222925082
0.6930962084722596
0.6933407325194082
0.6933423495420036
0.693500430028245
0.6938079165388016
0.6939213641660903
0.6942249984689669
0.6943250688705087
0.6944328887801149
0.6946268109297487
0.6949987801902746
0.6950569878710149
0.6951795496043662
0.6954147409389282
0.6957609619822502
0.6958222329861786
0.6960808031934029
0.6964134766332395
0.6966395173453823
0.6969945190628021
0.6975709230492209
0.6978799856270003
0.6977278163118659
0.6976105137395249
0.6979414046183929
0.6984059005472055
0.6986749064115287
0.6990331573639962
0.6988931636578646
0.6990839784882463
0.6995043078012282
0.6997818782054832
0.69999411245214
0.70017061834439
0.700429083641897
0.7006109022556153
0.7008859942498148
0.7009667779925937
0.7011300427425255
0.7014484289218296
0.7017038160811976
0.7017781146154937
0.7019169142923475
0.702175683536914
0.7024120895088375
0.7027155622606208
0.7029909575701095
0.7033113349542393
0.7034654324558592
0.7037541873627999
0.7038739102822883
0.7037301816085048
0.7039064300529796
0.7039875890599584
0.7042195303978135
0.7043493229285928
0.7045566573049526
0.7047929908950069
0.704899828277018
0.7050446122168558
0.7051203101835729
0.7052475642413252
0.7054980079680987
0.7056374082712039
0.7058087984539896
0.7059964826686036
0.706318354394485
0.7064506994392861
0.7065995019243532
0.7069696455824698
0.7070395480225691
0.7073459715639508
0.707499718055682
0.7077027103172062
0.7078664339207982
0.7081448981887418
0.7082260331739922
0.7085816916427821
0.7087105277917689
0.7088311106129912
0.7088936122608475
0.7091914846063266
0.7092136837992867
0.7091425389754695
0.7093517180028591
0.7097118107612541
0.7098635304559762
0.7100199512302937
0.7103219382674745
0.7108760330578163
0.7110450390925761
0.7114894551844987
0.7118631053583804
0.7119333442964066
0.7118773946359794
0.7118881118880765
0.712264459209199
0.7125699690233844
0.712643927873088
0.7129014756944059
0.713267626990105
0.7133221458344221
0.7130881002538363
0.7132696562516468
0.7135962077138145
0.7135146758412677
0.7137320163194788
0.7140375335120238
0.7140206959411959
0.7137888597570362
0.7139513759016425
0.7141178983340046
0.7143817347700436
0.7145795587764697
0.714786220116034
0.7149757940096415
0.7152059526972752
0.7153903345724494
0.7158613389785226
0.7162262156447771
0.7163903263279743
0.7157717414192035
0.7160174525573876
0.7158021712906694
0.7161432160803589
0.7158103592313693
0.7161145833332896
0.7160981198895453
0.7157889264361404
0.7158386544151559
0.7160002074580754
0.7160999377980071
0.7161487466334762
0.7159156676312086
0.715655314757438
0.7158936301793002
0.7163039014373251
0.7161640468997541
0.7159740326125392
0.7163103237629342
0.7164683145152616
0.7166768292682456
0.7160498834025695
0.7162378444083815
0.716471838469667
0.7166337935568242
0.7167879522942734
0.716793623568536
0.7159277338835032
0.7162344189786436
0.7163610790173853
0.7166399036531053
0.7165497896212727
0.716480656623747
0.7165878664210955
0.7167711131005208
0.7169524377515567
0.7174364553456141
0.7176151226493758
0.7180966396859919
0.717578488514422
0.717451930133517
0.7176355546863028
0.7176275485318
0.7177657552273217
0.7179484681700334
0.717246073807506
0.7175660606060094
0.7177519379844447
0.7178595641645974
0.7175993433440658
0.7175143421876758
0.717671998458227
0.7176119690190487
0.717916746595
0.7180973366544802
0.7181505211819319
0.718373781769488
0.7186411565436767
0.718832840659813
0.7184359670428596
0.7186603325415153
0.718552294100831
0.7186136923951679
0.7186920310429145
0.7187969924811494
0.7190764000377207
0.7192302249893328
0.7195384977630717
0.7197705580891819
0.7199680661218557
0.7201482384950408
0.7201647246010009
0.7205196504508988
0.7206835372116344
0.7209755642603425
0.7209861639891707
0.7212537091987554
0.7211525989066416
0.7218295980566757
0.7221089213040643
0.7217683980714361
0.7218691758715665
0.7220622302974603
0.7220355910658519
0.7219474845740895
0.7215458245738888
0.7219142002588467
0.7220080321284437
0.7221300508428518
0.721525062211091
0.7217997071481732
0.7221715449673808
0.7223539823008125
0.7223282105634317
0.7220900519868866
0.7222926571578777
0.722519352568541
0.7227037004482002
0.7228735783602661
0.7230033350885703
0.723152493311624
0.7231621656994991
0.7231655178430424
0.7227601218980524
0.7229598713098669
0.7230655602380085
0.7232811347763078
0.7233730760892357
0.7235148836603935
0.7234460102013575
0.7235174707380552
0.7231041325165298
0.7232573177565286
0.7230980476291814
0.7231395398653887
0.7231612765045207
0.7232302493690067
0.7233873380925067
0.723532427582586
0.7232172541664029
0.7233002682105659
0.7234297872339567
0.7236108751061154
0.7238168003734435
0.7236374432708986
0.7236003554651909
0.7238405276285428
0.7239266396212779
0.7241178456862193
0.7242830634277118
0.724385617333301
0.724633900016743
0.7247329014889323
0.7248780897930838
0.7250283601528456
0.7251657852764989
0.7253648716657383
0.7256269625286935
0.7257843219274591
0.7259352142109856
0.7260589857130015
0.7260171082828223
0.7262087362453244
0.7260891253740336
0.7259563521698487
0.7261487466334235
0.7259865971704158
0.7260750909691378
0.726095929992472
0.7263231657047655
0.7265594802416865
0.7265651299313409
0.7265095306414235
0.7267710419816654
0.7267567677921464
0.7269441044470606
0.7271111111110073
0.7272808732485111
0.7272372115735741
0.7270953113611364
0.727225639365383
0.7265995715612688
0.7267601082521045
0.7268713934061312
0.726907403671468
0.7271020506827813
0.7270578778133967
0.727006830052122
0.7271508828249318
0.7270040842475067
0.7271599503780556
0.7273090763693413
0.7275503288816892
0.7277439388509558
0.7278551532032296
0.7280391299159804
0.7282037022323488
0.7281971898069832
0.7283833095350283
0.7285460502939888
0.7287534014274963
0.7289058804980697
0.7287519187624295
0.7288614367769709
0.7290479745391942
0.7292441723568409
0.7293910042742251
0.7295477702013093
0.7298073911680634
0.7300430191629647
0.7287362594526013
0.7289041202584713
0.7289039389692127
0.7290287447974253
0.7290512989785627
0.7291724887438662
0.7293542757415925
0.7294911049958126
0.7293411782920556
0.7293808049534429
0.7291817691060727
0.7292531679696824
0.7286692307691106
0.7287164500498683
0.7287849102991378
0.7291095628204887
0.7290460714967242
0.7292094906963977
0.7292815993284036
0.7293956148711834
0.7294655790194703
0.7295847619046392
0.7298648032810544
0.7300954690103306
0.730288044093647
0.7304180935534771
0.7302168530050441
0.7289695253705574
0.7288601575269895
0.729102178673364
0.7292670273473809
0.7294957113278757
0.7296132270444474
0.7297498434217409
0.729511630470592
0.7296790268209058
0.7297707127681546
0.7298668032785474
0.729597543590166
0.7297674248784606
0.7298358263406108
0.72945711065038
0.729554038349654
0.7296636307556901
0.7295626653138169
0.7289756097559557
0.729062759392113
0.7290738738737319
0.7290236611803964
0.7291267727304033
0.7292462673141235
0.7290605038396624
0.7291675629166134
0.7295370105743053
0.7296700942586387
0.7296503546350609
0.72971066134535
0.7292733219566221
0.7286979941879593
0.7266406552074182
0.7269629837351301
0.7270912147959853
0.727314685314537
0.7274601621469023
0.7274512544550897
0.7270297616969321
0.7271644493973578
0.7272657796920717
0.7274828232353273
0.727667394847105
0.7277748899745522
0.7274467790985465
0.7253468883086849
0.7253108043133344
0.724449165609969
0.724655331668287
0.7248112079274109
0.7248608597669848
0.7246435150438598
0.7244640988419614
0.7245944761068157
0.7247000134823852
0.7249747559742642
0.725473402475586
0.7255291403348799
0.7256566196616737
0.7257730581712163
0.7258270187266828
0.7259491559349848
0.7261502582040718
0.7262895008489632
0.7264334919629675
0.726035502958421
0.7261766366624112
0.7264020707504881
0.7265097779249315
0.7266752790750004
0.7267953514549941
0.7269892650700293
0.7270244417321998
0.727212207098675
0.7272954897372613
0.7272900826172629
0.7275041722567794
0.7276277061938295
0.7275779846478811
0.7277146959016857
0.7278904466904096
0.727895148669629
0.727556235554376
0.7274732424605513
0.7274203501021365
0.727500568126315
0.7275016223230002
0.727566410430893
0.7266776305180351
0.7268418341059621
0.7269631822861341
0.7271130837512786
0.7272627995116185
0.7273095077543823
0.7274267560887823
0.7275444109534634
0.7276159343651156
0.7277454056475215
0.7278574171251337
0.7278162386343792
0.7279104620386662
0.7279734981204875
0.7281517553071256
0.7282542308179977
0.7283647578771604
0.7284661329265014
0.7285292342869932
0.7286308107248782
0.7288612731421042
0.7289946452899
0.7291208965144361
0.7292755457132084
0.7293957694373325
0.7291914087174526
0.7290611498311044
0.7289431457066491
0.7290929099196486
0.729292040957171
0.7293899720572168
0.7294966737791643
0.7295689817427193
0.7296147823361848
0.7296901408448943
0.7297600050062383
0.7298326817824664
0.7298245614033324
0.7296208825355575
0.7295982101238072
0.7292975052747361
0.7293344085352708
0.7295697926336787
0.7296701936759532
0.7290886623414943
0.7291811981109889
0.7293010918510315
0.7290575109410756
0.7292292569039429
0.7292640240717874
0.729397686477679
0.7295473351924368
0.7296474408060162
0.7296504866252673
0.7296925195041756
0.7298037537443897
0.7299123369679572
0.7300551778798864
0.7301224639003807
0.7302498250310038
0.7303810943153344
0.730449322064628
0.730596131069691
0.730729071814298
0.7309271483072066
0.7310238412197081
0.7310993497654252
0.7308853726293574
0.7310099272802205
0.7311499140502966
0.7313245751474563
0.7314247870192889
0.7315564647131265
0.7317219817217938
0.7319114422179623
0.7315349226263239
0.7317257824141136
0.731865709434106
0.7319575963311746
0.7320714285712352
0.7321613421379468
0.7322830900928422
0.732197352015481
0.7324158386472932
0.7322504149867654
0.7321488851379442
0.7322481354325058
0.7323572041291301
0.7322259332602348
0.7323811491130369
0.7325164938735107
0.7327537593983013
0.7329581757962813
0.7330305605201829
0.7332455986428404
0.7335044480091363
0.7334285547715624
0.7335798084478818
0.7336650372437495
0.7337986389807822
0.7339608936922385
0.7341018642195587
0.7343062728484061
0.7344121570672573
0.7343350994525929
0.7344298309002188
0.7344086021503374
0.7343858231353338
0.7344869354557604
0.7345385347286288
0.7343565525381713
0.7344629523260485
0.7345447238486912
0.7346378973944969
0.7340536832173636
0.7339480971819746
0.7340220896713098
0.7340177960299168
0.7340477683404486
0.734232235307303
0.7343152028657961
0.7343175946166463
0.7344545918654739
0.734255192541807
0.7344110985275452
0.7345180825172023
0.7346269163317559
0.7347186881536018
0.7349113094563575
0.7349767047859067
0.7350626623008039
0.7346613770010085
0.7348711752969244
0.7350829968593763
0.7351361954935767
0.7352636442550695
0.7353461301693652
0.7354607747166207
0.7354166084353848
0.7355598994692195
0.7354863834875129
0.7355871886118938
0.7357597310586111
0.7357357023873564
0.7358526163917811
0.7359953414855268
0.7360337131606797
0.735782102028746
0.7358871525374773
0.7360070759278169
0.7361020599765967
0.7362158880823505
0.7362258117865493
0.7363343342789727
0.7364345771278886
0.7366050364841266
0.7366222660744486
0.7367247424937631
0.7368081029288888
0.7368723491583613
0.7369028727768074
0.73701536610686
0.7371061620437843
0.7371342712742052
0.7372239661523752
0.7372628135221446
0.7373430306990341
0.7374057438408118
0.7374734664995434
0.7376311925605581
0.7377417952616876
0.7378969654196893
0.7379802474493214
0.7380001621049912
0.738061797752594
0.7381226208793509
0.7382387053268245
0.738309289469921
0.7383918704006044
0.7384673400671249
0.738586620002477
0.7385293959440599
0.7384565778157794
0.7385280687615376
0.7386217260624739
0.738735114257913
0.7388644649365222
0.7389743314932752
0.7391374186810165
0.7391841978478668
0.7390523530824454
0.7391720085467952
0.7392797073976032
0.7393573868486342
0.7394980396338524
0.7394900215819454
0.7396043558133069
0.7396491601669549
0.7397420555775023
0.7396832146271914
0.7396527003343398
0.7397578230569367
0.7396813634677345
0.7397709540054435
0.7398589205038648
0.7397592265744232
0.739849901250604
0.7399147054175665
0.7400631412783918
0.740167253983897
0.7402570775173271
0.7402974876482623
0.7398698299388966
0.7400235941798848
0.7400324828415071
0.7399193337172411
0.7397807258547693
0.7397553197049123
0.7395373126531861
0.7395880648443293
0.7392591820241317
0.7391865854291444
0.7391518865717521
0.7392215879603423
0.7391399020139341
0.7394380369995451
0.7394997421348986
0.7395629316563077
0.7397197583234686
0.7393147025580841
0.7393942502498213
0.7394724023890911
0.7395340492603549
0.739633662097893
0.7397152222902903
0.739395955976229
0.7394917160971372
0.7397764595053355
0.7398936305568129
0.7399791417594961
0.7400325385121522
0.7401635597092253
0.7402467506090332
0.7403480290191015
0.7404380450210658
0.7405031542142586
0.7405850322905155
0.7406359171685228
0.7401552897137256
0.7402810778017035
0.7403259633604796
0.7404612899967433
0.7404752904410393
0.7405828862185666
0.7405235338532805
0.7405983443622987
0.7406734904305718
0.74074018202823
0.7407640110578237
0.7409265536720858
0.7409477460299227
0.7409742407535024
0.7410689240630826
