0.0
0.0
0.06650246305418721
0.1070163004961021
0.14449541284403677
0.1715260545905708
0.18916464891041168
0.19664268585131903
0.20384615384615393
0.21095571095571103
0.21602082128397923
0.21921749136939017
0.22685973878478144
0.2318514350028138
0.2385730211817169
0.24450549450549458
0.24945474372955295
0.25577646426652334
0.26168969181721574
0.2684651650078575
0.2739085239085239
0.27527216174183516
0.28035714285714286
0.2860746720484359
0.29235382308845576
0.3
0.3028515240904621
0.3067738791423002
0.31174480425326245
0.3134292565947242
0.3206161137440759
0.3267605633802817
0.33084808946877914
0.33341056533827623
0.33907254361799816
0.3423937871174052
0.3478064224332881
0.3527964205816554
0.3580931263858093
0.3620992534036012
0.36577913574858145
0.36914062499999994
0.37128712871287134
0.3756941478000855
0.37876218736752865
0.3822790113112694
0.38651452282157683
0.39153656532456865
0.39485504287464274
0.3956379942927028
0.40036378334680667
0.40473325310870434
0.40927178670911263
0.4111243072050673
0.4172211350293542
0.42102229054573403
0.4208944006012777
0.4239940387481371
0.42617201919527503
0.4260147601476015
0.43021978021978025
0.43198395331874545
0.4324717874044412
0.4368231046931408
0.4370290635091496
0.4399286987522282
0.4425124201561391
0.4449525149489975
0.4483240223463687
0.4509361997226075
0.452947259565667
0.4543112332531776
0.45685538881309684
0.45889945652173914
0.45951417004048584
0.46153846153846156
0.46404053612291596
0.46787800129785856
0.470834676119884
0.47459252157238735
0.4782746590548684
0.4817380352644836
0.4833699403828051
0.4862885634153942
0.48756991920447484
0.48916073087643236
0.49121184088806663
0.49355828220858894
0.49374809393107655
0.49467437614120513
0.4968191457134202
0.4989483173076923
0.5020691693762941
0.5041164363422531
0.5062920690664333
0.5085855646100125
0.5101478689475218
0.513529073114566
0.5138010350776315
0.5149359886201998
0.5153409090909099
0.5173876166242588
0.5194092827004229
0.5212885154061636
0.5228475898579001
0.5234917987211577
0.5259883881669905
0.5262795817281244
0.5270010964912293
0.5285051827605032
0.5305126118795781
0.5321534720345866
0.5341489647754785
0.5355132672205853
0.5356952583910508
0.5378908320084805
0.540305584826134
0.5419067574646423
0.5430247718383323
0.5439005439005451
0.5454311454311466
0.5468068735573236
0.5486341587949973
0.5499872805901818
0.5515712113532703
0.5541289023162146
0.5541152781273608
0.5552638159539897
0.556772908366535
0.5567587752053783
0.5582837301587313
0.5595061728395073
0.5605205008593186
0.5618733186598202
0.5630937880633385
0.5636385717755659
0.565312046444123
0.5681162902450756
0.5694112015318346
0.5705770147830245
0.5721918784136797
0.5739952718676135
0.5753408556652574
0.5764018691588797
0.5786112401300524
0.5788986580286917
0.5801245100299759
0.5811897106109339
0.5826474622770933
0.5846975898135529
0.5864644635581724
0.5883081775174601
0.5891211508204103
0.5889687710626837
0.5908786049631132
0.5915681463305833
0.5925227424007111
0.5933701657458575
0.59467195068252
0.5959219469414616
0.5966754155730548
0.5979089522979757
0.5991977450130109
0.5986174119680289
0.5986814121650371
0.5991296964551063
0.6007399577167031
0.6013713080168789
0.6025021026072342
0.6035422343324262
0.6039366798583636
0.6042575285565945
0.6052685950413227
0.60592348827643
0.6069014949825932
0.6071355551012066
0.607861060329068
0.6090080971659921
0.609765940274415
0.6102941176470591
0.6112003211561625
0.6127646823811432
0.6137992831541224
0.6147199046483914
0.6137262658227853
0.6132465996451808
0.6140196078431379
0.6144166991806483
0.6143218525004872
0.6146922183507556
0.614531069085296
0.6151480199923113
0.6163347376484114
0.6171695951107726
0.6181057436287573
0.6187902919984841
0.6201396753491896
0.6213546566321745
0.622118088097471
0.6230136474107323
0.6237660644440318
0.625023204009654
0.6247686042206602
0.626450543378156
0.6276849642004788
0.6283388218075392
0.628667760160381
0.6298783808313689
0.6300997280145078
0.6313459801264698
0.6312050359712246
0.6319506526014681
0.6331255565449708
0.6339729921819495
0.6334513274336302
0.6335212259996492
0.63410130144214
0.6350166578993527
0.635302317476914
0.6361029028333062
0.6370883882149064
0.6374784110535424
0.6369098712446367
0.6376091796540518
0.6383341867212848
0.6387470207694941
0.63975576662144
0.6407200811359041
0.6415936657681952
0.6425453324378789
0.6440508021390392
0.6448574762460427
0.6457779255319166
0.646367698163166
0.6475098944591049
0.6474885095206854
0.6486176999836439
0.6488580750407857
0.6494392979034646
0.6497972424979753
0.6505576208178464
0.6510727536699493
0.6520655843112064
0.6529958346683779
0.6533737438187931
0.653595291123133
0.6542063492063513
0.6545526524148874
0.6557570977918002
0.6563285175879419
0.6567770143660233
0.6576899128269013
0.658332039136514
0.658947043384285
0.6591329836470247
0.6594893878806543
0.6604077253218905
0.6608808686343498
0.6614797864225803
0.6620222323739933
0.6625664388762359
0.6633873164825206
0.6637970095151811
0.6641037238052184
0.6650135256988299
0.6656667166641689
0.6657466805907822
0.6667904903417554
0.6674563221794513
0.6681925575900788
0.6686764705882373
0.6684017595307938
0.6690521396231947
0.6692913385826792
0.670081371694277
0.671012603215995
0.6708549971114982
0.6715417867435178
0.6725549332184423
0.6733495632249769
0.6741829598972475
0.6749466192170838
0.6753191489361722
0.6748939179632268
0.67369084290115
0.6740771812080556
0.6746861924686212
0.6749756301350806
0.6755068036656503
0.676022176022178
0.6765356945213079
0.6771767627984012
0.6774149097423197
0.6780953689707315
0.6789091407427729
0.6794556148269749
0.6800191074109477
0.6805120522947044
0.6813738799891411
0.6820828819068274
0.6824324324324342
0.682645631067963
0.6832615715823485
0.6835544833132307
0.6828991315965283
0.6834177552652644
0.6841090425531933
0.683966020706134
0.684677526155478
0.6845402981137071
0.6848584595128392
0.6841828691539692
0.6846244593000411
0.6851706551588876
0.6851030524393443
0.6854166666666685
0.6861370716510922
0.6864966338684637
0.686644277964352
0.6869923939667415
0.687628600823047
0.6873643905552027
0.6877545824847268
0.6877382465057197
0.6880547806238921
0.6885359989877279
0.6892198939661719
0.688752994578239
0.6889406726287963
0.689258793969851
0.6896551724137948
0.690112640801003
0.6905297351324355
0.6909362922328903
0.6910098368820836
0.6915527950310576
0.6925123762376254
0.6931102605259926
0.6938046557457832
0.694287469287471
0.6946658491722886
0.6948083751683621
0.6953945761055477
0.6954850518608925
0.6949008153827447
0.6957286737046492
0.6955361475012146
0.6960784313725507
0.6966183574879243
0.6970372154642915
0.6971737823211079
0.6979129183159425
0.698444045481749
0.6991646778042974
0.6993444576877249
0.7000831946755423
0.7005810506344139
0.7013716447912987
0.7015110376578931
0.7021314178049944
0.7023865506701167
0.7026615077969296
0.7031250000000014
0.7032601075017543
0.7033621293485889
0.703377984857311
0.7035830618892525
0.7040520143968436
0.704216379010774
0.704429794124452
0.7051089839695548
0.7050206801470599
0.7055045871559643
0.7055555555555566
0.7055193692149478
0.7056911496350375
0.7053835647621226
0.706039278011126
0.7065586769370195
0.7068868031211136
0.7075578116187263
0.7080989876265477
0.7085438419220846
0.7090756302521017
0.7090594280607694
0.7088656815909347
0.7093590596584614
0.7096506743311967
0.7099194527198508
0.7101553034475171
0.7102685450143086
0.7105639221721456
0.710059171597634
0.7106471359860087
0.7106928532460456
0.7106897678980069
0.7109817152808019
0.7115864914757313
0.7118451025056958
0.7122048949534338
0.7126256620905856
0.7134159482758631
0.7140094542329191
0.714515437392797
0.7146672364063683
0.7150778417573057
0.715486961149549
0.715727948990437
0.7160742705570305
0.7159983025673682
0.7156904208077833
0.7159607056089591
0.7160122440363114
0.7163927517909833
0.7165263157894751
0.7169503993274501
0.7173137460650592
0.7176667713896756
0.7179889202466827
0.718394997394478
0.7186947017799538
0.7186169660471411
0.717954027749018
0.7185498863871119
0.7186080132176804
0.7183890264026419
0.7186180619915578
0.7186632390745518
0.7192082863296089
0.719559651817718
0.7198302311311124
0.7200612557427275
0.7201834862385335
0.7203174280191286
0.7205927128793275
0.7209113924050645
0.7207398423286849
0.7211800302571866
0.7214105793450886
0.721513263665595
0.7218097913322633
0.722238910583759
0.7228602816338763
0.723247232472325
0.7233120892252543
0.723463409790488
0.7237037771388921
0.7239300187802717
0.7241362290227058
0.7243640307631639
0.7246405357494593
0.7248008653751606
0.7251840942562601
0.7254805806198518
0.725619915711066
0.7258617312965145
0.7257938446507093
0.7258489461358324
0.726064088828286
0.7261939500048646
0.7264691597863053
0.7263438256658609
0.7261950841881182
0.7266273903805306
0.7268692715870733
0.7273690292758103
0.727473583093181
0.7278481012658239
0.7283773440489867
0.7285113299550634
0.7288564337533416
0.7292262245092442
0.729299363057326
0.7295937737281715
0.7299090219863545
0.7301684967815233
0.7305366591080884
0.7310809537272647
0.7314779992478381
0.7315962441314559
0.7312523434570684
0.7315360853692785
0.7317688855646974
0.7320294996265875
0.7320096942580172
0.7324120603015081
0.7323852017103558
0.7325419642029127
0.7327218825273306
0.7327474560592051
0.7328653242194725
0.7322301097077543
0.7323236972933171
0.732702379858496
0.7332233223322342
0.7334279436000741
0.7336504161712256
0.7337899543379007
0.7339416058394173
0.7342383381924209
0.7345342066957803
0.7349709407918646
0.7341640235613968
0.7344527926133804
0.7346136466335305
0.7345768223286077
0.7349359552588864
0.7350716022696581
0.7353840618816344
0.7355108275676172
0.7356873653984219
0.7357264497624822
0.7360153942540065
0.7362190654873595
0.7364382583868678
0.736415464101195
0.7367953049973337
0.7364217252396179
0.7365972529906969
0.7368071542411913
0.7370445702157777
0.7367979512539752
0.7370044052863449
0.7369858187263292
0.7370363860080871
0.7370477695820175
0.7371238045099601
0.7374255169996508
0.7375142132423699
0.7376081825334395
0.7371309119414697
0.7375445613424932
0.7376551245335429
0.7378043497097317
0.7381240806437669
0.7381425485961136
0.73871273479235
0.7388515840220399
0.7392182130584205
0.7396244211970515
0.7399143468950762
0.7400786862812192
0.7398242170833701
0.740073278800274
0.7403437127786298
0.7404794287657271
0.740833474792057
0.7410857965613631
0.7413063710973868
0.741491428088845
0.7416701813580779
0.7420658304571104
0.7419544576086056
0.7416121456131534
0.7417559424171422
0.7417370931302832
0.7421294363256797
0.7420793730198445
0.7423220973782784
0.7424960505529238
0.7427349717701772
0.7429305912596413
0.7432309348348112
0.7434444536355377
0.7435547843331692
0.7440643033800507
0.7444243272158682
0.7446563630384754
0.7445375390175797
0.7448544485444867
0.7450851900393197
0.7450106330770501
0.745470127326152
0.74576616186289
0.7460556278464553
0.7459949581198678
0.7458025792846147
0.7460709656513298
0.7460978568540246
0.7461028996042335
0.7457059914523034
0.7458561313163835
0.7457477535301681
0.7458944164063137
0.7460800000000012
0.7464456869009596
0.7466294375747917
0.7471136236961553
0.747334924423231
0.747636825800303
0.7476216901855093
0.7476642913697557
0.7479835521113407
0.7479854637383484
0.7482042781592876
0.7482848355807913
0.7485235057878584
0.7488799811365255
0.7490971895116985
0.7493731390064264
0.749471624266146
0.7495697074010338
0.7498438719750207
0.7498830500545778
0.7501168224299076
0.7504470880957946
0.7499226245744363
0.7501157586047241
0.7498650836481393
0.7497496340805804
0.7499422854944221
0.7501345429384189
0.7501535626535638
0.7504217144609734
0.7504216498006757
0.750401591065556
0.750648656898658
0.7506862894616452
0.7506853487663734
0.7508937400167349
0.7510636681355428
0.7510819224052855
0.7515909090909102
0.7517029972752055
0.7515490403506132
0.7518484985664716
0.7522033898305096
0.7525571600481359
0.7524808299503845
0.7529076311247853
0.7528507126781706
0.7531460674157314
0.7529917726252816
0.7529873039581788
0.7530928603368621
0.7532757593805848
0.7535687732342018
0.7536366335164031
0.7539282537800188
0.7540910773787497
0.7541984168084644
0.7545232996085972
0.7548123017921686
0.755135095339764
0.7549970605526172
0.7552824651504045
0.7555156490507964
0.7551258664720916
0.755133245958935
0.7555046871593645
0.7557337784874448
0.7558721183123107
0.7559765285424526
0.7563268257411435
0.7537517053206013
0.7541747294488651
0.7542081512785628
0.7543300887489275
0.7545565006075344
0.7546174142480222
0.7550337958022066
0.7551665364675815
0.755318394553965
0.7554705757382632
0.7556930693069317
0.7558796525178342
0.7558860848724105
0.7559850725249975
0.7562596708397816
0.7564228555383977
0.7566411999719643
0.7561265929141587
0.7563474854864667
0.7561299336360471
0.7562133482267533
0.7558366436685493
0.7558123346791045
0.7557686961356697
0.7559858421819706
0.7560366361365539
0.756113612746797
0.7562300982971075
0.7565644002211176
0.7567651525610944
0.7568481335817301
0.7567493112947669
0.7568980939929825
0.7568561413155553
0.7571046128500833
0.7574033452152464
0.757466776270723
0.7577467679047825
0.7576833765878989
0.7575395742358089
0.757319896500069
0.757312925170069
0.7571108546602413
0.7572716794358949
0.7574176940793941
0.7575644757327566
0.7577507598784204
0.7578968682505409
0.7578656605807461
0.7578214357801262
0.7580330734068308
0.7579010937395165
0.7582395498392293
0.758413059476819
0.7586034079518887
0.7587242276639764
0.7587654979336098
0.7590521831735899
0.7587902957793297
0.7588325142781256
0.7589273861675305
0.7591352211685135
0.7588239189457662
0.7589002117522509
0.7590891062929677
0.7593545832508424
0.7593898260411185
0.7595628415300556
0.7598474386795564
0.7594866071428581
0.7597377049180337
0.7600340470110662
0.7601112565445036
0.7603451657187693
0.7605459057071969
0.760887990611554
0.7610126417307451
0.7606403748535737
0.7607240348368657
0.7606338073900912
0.76066212268744
0.7609104467933347
0.7605556275093909
0.7600931677018643
0.7603089451913143
0.7598102491286959
0.7598272973321314
0.7597875080489385
0.7600475853642862
0.7556988698039726
0.7557568412323795
0.7559265867958205
0.7560967844635476
0.7562177978500104
0.7559032626634514
0.7561632549591238
0.7563461416724704
0.7565618872936573
0.7566192733017387
0.7567405442950063
0.7569076457229381
0.7568044354838719
0.7568094609045741
0.756879004900114
0.7568821721953982
0.7572447893847415
0.7573350015639672
0.7577422577422587
0.7578320019970054
0.7580856234810254
0.7581428660397344
0.7584727317952873
0.7586367590406372
0.7589341109318783
0.7590055180110369
0.7583859388538194
0.7581333498268193
0.7582278481012668
0.758465428976748
0.7581936914736332
0.7581747644559403
0.7581180811808127
0.7582586270416317
0.758275101140126
0.7583705698720704
0.7584321153611154
0.7582829946915624
0.7580881008956324
0.758164568509397
0.7579420518739
0.7580713678844528
0.7583919049927299
0.7586373812549171
0.758998671337119
0.7593441041716914
0.7587666626636255
0.7588305847076474
0.7588675853804685
0.7586145010768138
0.7587700950218144
0.7587205829649994
0.7588582677165366
0.7589801632215417
0.7590651979755891
0.7588329764453974
0.7586627043090651
0.7587578672366714
0.7588957419048761
0.7588931636578883
0.7589143161256
0.7590841949778447
0.7594395280236003
0.7590354342314736
0.7590595722114208
0.7592712502943268
0.7593823529411777
0.7595475910693316
0.7595724688747958
0.759754738015609
0.7597246631517297
0.7601017484357656
0.7602687700847226
0.7603595190848621
0.7566500174236279
0.756668986314082
0.7566159013260775
0.7566184971098285
0.7567255513220202
0.7567271679631251
0.7568189665093816
0.7568678160919559
0.7567195037904911
0.7569125745754952
0.7571886814068068
0.7567799029403387
0.7569032405294405
0.7570956343326134
0.7573022832090209
0.7569089048106467
0.7570268582136184
0.7567529224832614
0.7563346749050527
0.7564552661381673
0.7565778305890359
0.7566499124639987
0.7569091934574183
0.7571541234790463
0.7573173477428814
0.7573612047651176
0.7575443123177044
0.7576241731135797
0.7576589190702904
0.7578741258741278
0.7580077142378017
0.7582779608018335
0.7581930665477669
0.7583124477861338
0.7585794538072212
0.7585765916041163
0.7587768025774931
0.7588245088245106
0.7586846916726706
0.7588524952971135
0.7588732861565696
0.7590966815747353
0.7592102360467698
0.759486699344607
0.7596577151661913
0.7596809680968112
0.7599395936298752
0.76020184291356
0.7603453000822157
0.760019710906703
0.7602264027124587
0.7603574551814615
0.7601386387205947
0.76028032286213
0.7604359673024531
0.7605147178845428
0.7604591697948976
0.7606651812401505
0.7606004669091705
0.7607481702358371
0.7609284437462768
0.7609977815053307
0.7611504568308384
0.761248852157944
0.7613200928274607
0.7615002966078855
0.7616391852570331
0.7617662897145946
0.7618317736904392
0.7617986577181223
0.762041407423301
0.7620732164871108
0.762141900937083
0.762395036636895
0.7624619330020849
0.7625720691864202
0.7626906259997878
0.7627918132395278
0.7624141785087027
0.7625637484062904
0.7626565485035028
0.7626490066225171
0.762836121109465
0.7627598244036606
0.7627795104932077
0.7627951196323883
0.7630774098291503
0.7631592813109228
0.7633684210526316
0.7635163563689914
0.7634634582041719
0.7633830166894093
0.7633661809413987
0.7634597255682416
0.7635697461397543
0.7636601307189546
0.7636834126195832
0.7639396470711081
0.7640475817811864
0.7642045454545454
0.7643366842023022
0.764578889871508
0.7646752976654709
0.7648631808505112
0.7645062687804369
0.7646632499870578
0.7646678394039733
0.7648958710144178
0.7647848768142143
0.7649517518963825
0.7651440944475948
0.7651936547177585
0.7650961835202139
0.7650958425407266
0.7651196221377963
0.7652595404185474
0.7654728968131983
0.7655050660116676
0.7656138198916491
0.7657901455195304
0.765931935302822
0.765847941296372
0.7660116077792486
0.7659801678108316
0.765622620437586
0.7657399421642742
0.765902985452887
0.7659407444922767
0.766125360449234
0.7659595959595963
0.7660846747741841
0.7662802419354838
0.7665374546919049
0.7668023928014882
0.765161354780697
0.7650301851020305
0.7650443359569592
0.7642839414246712
0.7636327582788022
0.7637520423825321
0.7637879012712077
0.7637742748431097
0.7638395500296039
0.7639477575160185
0.7638382744016555
0.7639169168676486
0.764102690208037
0.7640888321132027
0.7642264447390392
0.7642310334674656
0.7644464049404504
0.7646223875483338
0.7645577665868093
0.7646929503151113
0.7648752867672186
0.7649856118616792
0.7648663127648176
0.7623462767502663
0.762324028832664
0.7625030200531527
0.7627298614798012
0.7630006265362184
0.7631578947368418
0.7631958812490978
0.763376760732657
0.763523251345119
0.7635459698337975
0.7635796545105564
0.7636598926380369
0.7636520406208086
0.7637446767787932
0.7638762728880817
0.7640441387216971
0.7641428366830575
0.7641491441377013
0.7643374297418318
0.7644693003331755
0.7645380628595891
0.7645898678832816
0.7646779628838584
0.7646975156457428
0.7647894662056554
0.7649661634565333
0.7648143769212582
0.7649489892310597
0.76500707881076
0.764970553592462
0.765067332140503
0.765165052195994
0.7652490601503763
0.7652998919731346
0.7653866015680023
0.7657026342926788
0.7659081331647708
0.766033587500585
0.7657600822468343
0.7658759805752712
0.766080507486357
0.7662113654375091
0.7663810366506779
0.7665844808336438
0.766810725405456
0.7668027273992304
0.7665925617155299
0.7667422594529554
0.7668654922088134
0.7670331193126707
0.7670960890243342
0.7670679952025098
0.7670891910578478
0.767168716318917
0.7671973496526023
0.7672675434562681
0.7673836113791997
0.7675496992791886
0.7676285727393681
0.7677638213991018
0.767332845513583
0.7674572708161963
0.7676059554256488
0.7676753845451644
0.767340051985955
0.7673062024335783
0.7674635701275049
0.7675011379153395
0.767642779192434
0.7677784341345939
0.7677226105110287
0.7677624121514399
0.7678450033990486
0.7679929386203154
0.7681696892949214
0.766043501707712
0.7660439214981815
0.7663243340209888
0.7661290322580648
0.7659907792847235
0.7660197647900553
0.7660573012112818
0.7660192007144455
0.7660599571734479
0.7660873440285209
0.7660905973007887
0.7662022611946945
0.766396905153631
0.7663480773505227
0.766413468372424
0.76656606453331
0.7667095115681237
0.7667493247132803
0.7669290990313595
0.7670306352504314
0.7671964679911703
0.7673003131477972
0.7673424416042313
0.7674095934458004
0.7666608130652387
0.7666856691808458
0.766744053616015
0.7667717638815907
0.766841644794401
0.7668255564787688
0.7669769271106454
0.7670099943263653
0.7670256365538894
0.7668437785810726
0.7670929018789148
0.7672938211523423
0.7673181324647126
0.767479710082028
0.7654438073888868
0.7653821313240046
0.7655537389209194
0.7655685532427321
0.7657586043913551
0.7658377356869822
0.7659569901704085
0.76582061395987
0.7660098522167491
0.766090009848842
0.7661490417522249
0.7661635166338838
0.7662920388017609
0.7663904668346648
0.7664235133521033
0.7665217020550869
0.766223528910478
0.7661856723279278
0.7664030275970578
0.7663168182204473
0.7664755838641192
0.766610097581672
0.7666906871264468
0.7668375127075571
0.7668599974598876
0.7667766078903974
0.7669244421906697
0.7669117336375547
0.7670859892777242
0.7673089897115875
0.7675397961761984
0.7675324128641189
0.7674433275854821
0.766890474192195
0.766960167714885
0.7669528795811521
0.7668969849246234
0.7670209649746833
0.767090354141406
0.7671192813870903
0.767148466872755
0.7667876966737618
0.7666083187463536
0.7665931045969356
0.7667651218903406
0.7669285447063228
0.7670902898911873
0.7669987546699879
0.7670897627343624
0.767233160621762
0.767328168372209
0.7671553402078937
0.7653325655053271
0.7652047143854465
0.7648578811369512
