0.5864826525440022
1.8162048987905055
3.5470853288369955
5.186218814093923
6.924378848661945
7.469834181041823
7.917003547859161
8.432638698632653
8.25000424052204
8.734733551520014
8.786085273619745
9.326589682085732
9.351766489628272
9.623878376403727
9.571314257839719
9.29329678166887
9.464108198201345
9.575312011702
9.573347254016003
9.457963961384651
9.333744237881218
9.396340148009871
9.187418908452011
9.206764126644867
9.331987958073586
9.365274133275644
9.368178269428494
9.38369518820184
9.332764561432475
9.196010205229369
9.419854383954277
9.290736634668887
9.34460915461348
9.43883933644863
9.295476406379459
9.275126755726175
9.306372529572371
9.402019540553976
9.321720899368142
9.317606292586177
9.228729664524609
9.242088505015008
9.192275489759279
9.290331984464126
9.231715056584287
9.317841423414944
9.29286236993895
9.403906955811141
9.443260361817318
9.372727279405575
9.510262364061337
9.462188393089894
9.488045019161147
9.487497792048776
9.563592991509697
9.49380897865448
9.573187899379477
9.514589223447263
9.609594536463254
9.597756080680552
9.575954120674428
9.574337509247988
9.606849014130672
9.653495982757551
9.665522273384884
9.582051385924927
9.586482027274416
9.596856357331708
9.546704412153964
9.54624582632595
9.550642046015902
9.568543064653266
9.550729363472605
9.57633358815094
9.58718373946717
9.58503593729117
9.628119296245458
9.553678399218459
9.592213334492799
9.628525463572215
9.649357465091938
9.62419682056549
9.62871071748694
9.6430399475417
9.66239860841614
9.631871275144112
9.647148852709833
9.63406118363311
9.693484155376037
9.62781615592057
9.62926648100788
9.660790370131938
9.67048318954689
9.699010141789813
9.711304072940623
9.705029761534082
9.670151922324063
9.748253595313246
9.780503588457268
9.752572755978786
9.75903510735897
9.787982788998352
9.781793788328983
9.808906863196718
9.803816668656024
9.791608300882293
9.789929335263936
9.799677254142155
9.775647699877796
9.800638464405067
9.809088557308256
9.804635810799134
9.832547313626993
9.790817728982883
9.799594333654907
9.793013224206367
9.797752337801992
9.831875652968128
9.83007490476233
9.831269668613874
9.803108352623182
9.840328295434329
9.821491205874853
9.84179998707386
9.841195395780677
9.846375042850733
9.845978525146691
9.847449351375845
9.854735346386747
9.837797823770618
9.809506822402664
9.796942361861452
9.81015133112542
9.78747698982127
9.806649378178792
9.773021699654368
9.78907671848307
9.808710662636937
9.808335192987272
9.786427097044077
9.79800001431009
9.771107268956825
9.790973393970123
9.793939976985094
9.788675101382466
9.79397013050146
9.800111476925807
9.786330596355624
9.790640010852012
9.783027205986135
9.782872384716901
9.800495935223926
9.80552377141961
9.782539819290895
9.78231588149829
9.792521744888727
9.790418064983243
9.777063361054191
9.78365830506071
9.749688346047252
9.78577723805141
9.791771645372878
9.813904533519931
9.836875179120815
9.8414340119182
9.850037114695944
9.866634204920855
9.87656718691625
9.880956950471921
9.849518587243075
9.85236280569964
9.852931420062768
9.844434188356324
9.8278524281446
9.849883555946171
9.861989931325175
9.860119875724964
9.876245098207836
9.87498670175474
9.885549494374189
9.875605897461435
9.884487637706497
9.858807046552739
9.878783599188676
9.892271356775849
9.898074344103248
9.916278670413192
9.915616935189659
9.882836596112782
9.899764746541342
9.897652571041027
9.902560396313838
9.889194518935955
9.865652952333356
9.874732820879164
9.87412412276912
9.878676125857956
9.882748529445543
9.86190284033366
9.878560315439278
9.84496869791796
9.855850013805476
9.858505792895482
9.866682373013282
9.858146990322709
9.862759163092012
9.852358224362199
9.846660851007956
9.854992300869272
9.854773205100843
9.866917760808839
9.865968030598154
9.848327738727665
9.835486008659327
9.83669687945517
9.818326097495902
9.83689053900065
9.845295202048977
9.866445344721964
9.864745835996626
9.859509281219832
9.850833755726875
9.870168098642372
9.859171985311269
9.84112610208453
9.855990608333313
9.843973725179376
9.848258714180199
9.857310864271653
9.86581792656169
9.850874922810396
9.861232176659495
9.846045737176453
9.846214858087944
9.831800234301364
9.8314310401601
9.827524288911556
9.820689460415641
9.824749481338348
9.836592625366961
9.836259827916374
9.837712226515203
9.837554817418084
9.834253713976787
9.844573593550141
9.86224508285025
9.854659425893562
9.858767520748206
9.850669707275035
9.857454657731807
9.856730632592127
9.861685860632837
9.848392494995533
9.851067753244433
9.848899002890072
9.855600250173476
9.868558162069384
9.878974479334568
9.863377452108649
9.85993920488172
9.852443529438226
9.853852340249189
9.849572883561157
9.845381970451799
9.848503500914962
9.843489164164406
9.839988859689031
9.853433225902002
9.857199531994791
9.837795859262098
9.845968970034676
9.862519283045392
9.851585271630068
9.86248901241884
9.856218352763491
9.864556401529988
9.84635164973328
9.8630459103862
9.86239175210032
9.870200064002814
9.857977969131197
9.872299602404029
9.86721837487627
9.873515595576608
9.871753703846363
9.873421491146322
9.866826206257459
9.876513166928714
9.870001406584343
9.869650199150833
9.860022670957987
9.865809427377284
9.856322847910256
9.858116464625166
9.855847634275902
9.866737367854073
9.8697645658389
9.875901983036215
9.866614552727333
9.863054594165682
9.87817570289888
9.87506239876718
9.870606689401058
9.864486332679506
9.868394160104703
9.85677330910715
9.868679447414834
9.868360044390322
9.876343856409926
9.87957147202435
9.856142659160156
9.867125481759642
9.875548342642384
9.867394687091767
9.877088562959692
9.865525823681558
9.871632519268333
9.867849105981907
9.858565240791448
9.862790503663819
9.86658552469956
9.864413338269777
9.856864851804888
9.867106694205589
9.871607644761818
9.85760598170617
9.871506012557909
9.868791643030809
9.862362830447948
9.872663240134532
9.87501268814729
9.880620317088326
9.875668721418869
9.884132734261117
9.875491024469422
9.883958922855623
9.884053860545128
9.885389272690837
9.882936502718298
9.881859878310609
9.865501059344234
9.876147535419888
9.889248624553884
9.881207093526795
9.888964225606085
9.890759196166629
9.901371967312
9.897269717920913
9.900287125171728
9.895223951128598
9.904708577194985
9.907033059948004
9.90671684475209
9.91189198725571
9.910238238420801
9.917600367860116
9.905701142364242
9.914187317379534
9.90830175269893
9.911561905533095
9.914473221682792
9.905477933025908
9.900416926203075
9.916771326326728
9.906882267177142
9.918099364634266
9.916881708610015
9.919462291162574
9.914573169329103
9.893226127729053
9.894585299072096
9.900111119858073
9.904386797775507
9.894797695305684
9.911950362906966
9.918048857099397
9.918607494558344
9.930491023175344
9.921670913699952
9.927115576146003
9.933166441602449
9.929908403038025
9.939604708450577
9.943917566159742
9.945842394368313
9.937451098865422
9.93825681548583
9.935287374557028
9.933493312293871
9.936743168436994
9.934936190151697
9.934659777569719
9.934639469946362
9.931734096554882
9.93043766301807
9.930035944081297
9.92994583667567
9.925057221204396
9.92608469432472
9.915683124035889
9.923550491226786
9.915324182839543
9.921254885822066
9.925249173357109
9.914627712935312
9.917892507724996
9.939723725119995
9.937434074233227
9.938266721531372
9.94662780096845
9.943994576270452
9.952795558582814
9.949595511181084
9.937867297520746
9.942107392272387
9.940800475832544
9.928282516356008
9.933980616348089
9.929442299741899
9.918628521302521
9.918508834809634
9.908757415146816
9.915016979442896
9.882718796825019
9.895652948774545
9.901610511009137
9.896392927050625
9.889203902103574
9.88938386726254
9.8877448767963
9.88468837224033
9.877898733002214
9.88415720913424
9.886147664104042
9.876584552983388
9.882479789621087
9.881390082970869
9.87703615267605
9.883434852932696
9.8793234251876
9.883554259707537
9.876800764320212
9.877707877711439
9.870389636056727
9.878897299527436
9.87081874443633
9.870027453068056
9.877756167952661
9.878337682591695
9.87793872044721
9.88168123557161
9.879720277712355
9.874633745504207
9.87483320903045
9.879653218648071
9.883554275061947
9.875646319731217
9.871880869007768
9.88115998452657
9.878758707825984
9.875991440708606
9.86777987440497
9.87383385123372
9.869856444916675
9.869760194084384
9.87777114843885
9.87659600177365
9.880685926397652
9.882092458888202
9.877278436518106
9.884933370290359
9.891053373598098
9.886219137793368
9.893281241029984
9.890290448019721
9.895701866588338
9.891645556955629
9.889440665256187
9.890641766597936
9.889623954977733
9.891486449927019
9.885791961113249
9.880564059408217
9.8769951534068
9.872298970268343
9.871346688924698
9.877334372682466
9.87591954652075
9.87854661134416
9.876245780084007
9.8798514080954
9.879642430454114
9.877712126922711
9.88175325687764
9.886206505243296
9.88081648703265
9.876408847178466
9.880937650688901
9.883910240318563
9.88618875400791
9.877060351710776
9.871738703792202
9.87728853056936
9.87698823072937
9.874733537131105
9.874363576438205
9.877197660412941
9.884330540395831
9.883331934815692
9.8815046188851
9.875154554930825
9.882232922153767
9.87641275007215
9.8731882197376
9.879512896834916
9.877815956305065
9.88117493400328
9.879812263433505
9.878400380607397
9.88340018964533
9.881686443958348
9.876181223402778
9.891074292924639
9.89064374430462
9.87975976759472
9.889563033047096
9.8915169262823
9.88382551359955
9.883037577804542
9.885374106834647
9.883054205337688
9.875144024693052
9.880068290006571
9.882753979398338
9.88877760633249
9.892722710991388
9.88659474407148
9.888303082147214
9.89623890980619
9.895599147772828
9.898954350099926
9.892701922032783
9.897511548847307
9.900786161406725
9.902102055036835
9.897327613686691
9.880133434691059
9.89098185044843
9.89392665650181
9.884574382990023
9.876513007350356
9.876454140145126
9.875844543172146
9.884133641022574
9.882082832678739
9.890225063356848
9.88673799110756
9.885774254234516
9.888972727062418
9.892459433162406
9.897863909649487
9.893740326499792
9.887942706166633
9.893601846224842
9.873913629439304
9.878539412500318
9.880978474945165
9.878429529739048
9.878026225648776
9.87350727636566
9.870679750280674
9.879055065969537
9.876015398830038
9.883984296379307
9.88379233992584
9.881806312926138
9.881886274717997
9.885136215462904
9.876882482076397
9.87060592022573
9.878262258542916
9.881265894932145
9.87735434918675
9.871062474655748
9.867849826816707
9.872903697381226
9.872993453994301
9.875929899674158
9.874562570223251
9.867673189678738
9.872851442740469
9.864243615548856
9.865374407123213
9.864006440798253
9.867813580407956
9.86912053361981
9.86700191463307
9.873123144799218
9.866414374149
9.874724315716854
9.87203447879387
9.872088274103032
9.86323759137774
9.871408540215715
9.871330895305706
9.874060840554364
9.876945287052006
9.87689624318675
9.876254966013315
9.880353861212168
9.883221399389353
9.884989108387982
9.878930420545403
9.882835024586393
9.884884740219785
9.879051711687108
9.88193638305375
9.871823558913482
9.88625907042688
9.873200827372377
9.877525416358903
9.871367166999134
9.875762869260077
9.869666412115313
9.875606095349047
9.8724086812007
9.876357195269136
9.876293995258841
9.87876824491246
9.871556183282609
9.877394223390775
9.878349205900383
9.882469614019952
9.886936579672918
9.8913802403466
9.887974174082524
9.888922602606701
9.88684993212656
9.887322225689811
9.885954081526453
9.892509874935085
9.885276078811566
9.881685961630373
9.890305259294314
9.888857932914954
9.895867978534417
9.898704776421399
9.893810805031597
9.890109865170434
9.893218870042856
9.89292699532953
9.899172722962135
9.900815684046655
9.900653939845482
9.893719172033633
9.901704625111183
9.903777816646624
9.898888931982963
9.902809487691467
9.901310900626303
9.904105405148348
9.901728817292828
9.902768650722608
9.899373809454158
9.903141146897417
9.901167737233225
9.90538418268824
9.895874073698568
9.895735181049607
9.893919428626964
9.897136360284637
9.895896353860095
9.8974883760149
9.893243123332383
9.898638043303134
9.898079442866546
9.896545059031636
9.899064422433435
9.894477062451257
9.897629084825523
9.893082249970504
9.895774557127607
9.902292813658539
9.902149006795375
9.898755146306813
9.891911727494914
9.89295725920267
9.89013728879829
9.89095836911949
9.892165854402997
9.891574504319635
9.891470406221044
9.89535846305728
9.896662148788128
9.893757589953744
9.897088928761503
9.89418570372959
9.891703067457009
9.891621013601211
9.891293617478915
9.892494563442146
9.893243345448798
9.895174518677536
9.896698698828157
9.900405932299972
9.89799357559674
9.899110924206852
9.893772166211464
9.900280084884518
9.899041070698148
9.902600015439873
9.900888384428661
9.901929256282884
9.897568642742407
9.907639340050364
9.897583672245688
9.902558536740946
9.902407113115805
9.903801386012042
9.90597205482815
9.894755208454876
9.90371721698331
9.902878715436337
9.899205303174252
9.902998089545513
9.904008733533018
9.907568960416508
9.909648347865035
9.904580983928161
9.908714448721843
9.903713871612437
9.908834651311627
9.909596791456687
9.911362888148078
9.912179389604232
9.91096501780735
9.911449490542742
9.911488477763765
9.910376334898217
9.904142755210513
9.908667056443893
9.912225713844482
9.914615214117315
9.91570056799238
9.912605886002696
9.912586205911381
9.91430015874133
9.914355543971313
9.91242317370499
9.913377229005828
9.9117365582599
9.90790034914455
9.917937577350175
9.920647570105187
9.919584014582442
9.914318707610322
9.910435911459937
9.91309477695176
9.913918367290966
9.911930892144314
9.91195223143865
9.91551173737934
9.913217780056415
9.911419558583935
9.911095540346636
9.918336260059565
9.912285568739208
9.909121611931537
9.912694017384037
9.910355105376821
9.912503160982219
9.91258665276585
9.912110689328154
9.906559526255641
9.904224482591477
9.908687303496613
9.904069860352148
9.900262455980863
9.904919381923682
9.903478955943468
9.910110866868012
9.902083973277348
9.906425505787329
9.900828655169857
9.901092993270025
9.897777066182563
9.89763895010024
9.895366427223975
9.891166369358045
9.895144185492454
9.895157410186785
9.89506383930279
9.899438412776071
9.895733988583213
9.896493919184197
9.898806337312445
9.899815660924647
9.896143932800204
9.89884105289597
9.898687448638485
9.898882799679269
9.901249969665873
9.900378433051115
9.900428971191445
9.904400595910085
9.899323591220154
9.90068097792466
9.899524794114198
9.903942156984662
9.906732197257757
9.905196703808198
9.901506540526277
9.898274250854344
9.898180512374394
9.897663436432323
9.898022251397771
9.895574746205241
9.896015445101861
9.898121156738043
9.896577417681405
9.905193864230435
9.90145411543236
9.902562263167246
9.901907242711841
9.897715949451552
9.904256180249824
9.907937763003565
9.905663934685924
9.903316345653698
9.907894349745256
9.908105210923484
9.903977311154671
9.9068994788893
9.909685576447664
9.90834046552117
9.910551457525134
9.90879180764891
9.909493148415628
9.90321581180083
9.901674568366458
9.90764367064604
9.90871118868415
9.909121860324989
9.912339059804166
9.908582638729952
9.911833577997612
9.909311585673636
9.910476287693557
9.910995129886254
9.911379005314409
9.90685681800415
9.911471329121733
9.908642246421296
9.909763255601783
9.91008731183253
9.907720863187002
9.91203264589919
9.910555815874025
9.912579962184328
9.910472248690118
9.909149686575965
9.903463220131346
9.907917592501176
9.900632597692598
9.906986416725466
9.904595200552704
9.905580314651985
9.900950645079831
9.902916146152835
9.901386753677354
9.90495263225541
9.90296501804854
9.901828662162794
9.897342436831796
9.90028095038131
9.896114374418058
9.900820884190502
9.898483949651835
9.898525281136191
9.89837924353604
9.89656956615811
9.898452514464497
9.897095640230777
9.899908836805444
9.900858000199284
9.903403615179698
9.900526000704872
9.903355864586093
9.900111163445992
9.896102507637764
9.898461895640116
9.90292369366945
9.90142576927216
9.905240225832372
9.909189199592594
9.906869123534925
9.909589717409881
9.909423441919717
9.906010478686774
9.908173604577627
9.914071169355388
9.912061713482027
9.912486791085621
9.914179543353558
9.912852847019245
9.916635413818797
9.91398334891217
9.914986457837811
9.910010958421035
9.90894952229836
9.911537899097608
9.914354629186754
9.91540491448342
9.91612647381017
9.914234774538938
9.91406812638441
9.91578864715075
9.919603218336144
9.92199988716884
9.921980529015801
9.920643301197376
9.921782892911112
9.92455303196891
9.922705020541596
9.922265878876267
9.923309362937614
9.920632140348921
9.923308238137773
9.923279845788949
9.923887504447855
9.916600630156934
9.916756147470897
9.91960913141375
9.919481158802977
9.92271486511168
9.921382871990932
9.917262163746239
9.919302322531523
9.920825737393145
9.922541200315141
9.923107778048788
9.920596361758866
9.923502673270882
9.922326717882509
9.921734328176685
9.919568660814743
9.922788653837179
9.920437124352391
9.918588763815332
9.919646542808527
9.921453047085931
9.921436793301087
9.91832801412465
9.918657134438657
9.917807444455256
9.920999772385724
9.919911946174434
9.921342445290493
9.926365182387336
9.924229924577523
9.923270459332391
9.926940013337939
9.926717284271742
9.9256095177161
9.92176391282145
9.91923104947303
9.917861037477055
9.92164669021158
9.92343770289088
9.922239385715656
9.923719810648615
9.92738744715365
9.926595342656972
9.925605012042697
9.9286422165025
9.928644677454079
9.929003653659706
9.92934224103749
9.926980422598142
9.928500516223982
9.929326895936377
9.929124887208017
9.93246043178577
9.933300256750634
9.93022017884087
9.930124983205285
9.93277898964538
9.928360219880602
9.928235692419262
9.932026972209451
9.92810036627852
9.929340760677398
9.926392721473219
9.928239988059886
9.930435979154167
9.93272611599601
9.929073877881677
9.930085549505911
9.928824000834153
9.930329068933508
9.930954394825037
9.93182237005694
9.931732653053599
9.927338463231317
9.926092478228433
9.928410445144973
9.927104792810683
9.928954356524601
9.928936541245939
9.930940486629066
9.930918372363797
9.93407441664378
9.932210421621336
9.931987095919785
9.927858907835068
9.927705658370753
9.929238051206875
9.927302873713021
9.926157475807646
9.927006697955811
9.926563497450141
9.925611282503926
9.925587144044732
9.925668952765859
9.926478485375409
9.932637878968862
9.933191928910176
9.933034749137256
9.93569478763118
9.937281971792386
9.935480132374526
9.937857356458139
9.934735477484043
9.933810912167118
9.933036173539737
9.934670534969564
9.936542020342747
9.936103936269497
9.93719778908366
9.93957936544599
9.938914051134091
9.938982355844184
9.94150213860077
9.94105055874209
9.93833070757656
9.93827547262299
9.934812975704357
9.939120714055974
9.93437146047965
9.935927605424046
9.935566480586068
9.93552534496184
9.938127018884108
9.935575049264246
9.938176061109232
9.939944450677261
9.940684681765488
9.938182114819298
9.93263843133922
9.936713149003246
9.934136577167035
9.934902336886672
9.935698861146388
9.93589859783559
9.935682576337703
9.93825053830888
9.936145052544484
9.937733366039586
9.93870235587498
9.938322013743715
9.939211240643958
9.938121546089576
9.93843779386368
9.938551637441593
9.939773025140415
9.935348930510077
9.93673742728021
9.936483730798196
9.93527915019373
9.935210960489368
9.935910469423067
9.935180092213399
9.936444182983406
9.934736693775662
9.938677648997489
9.940350391820957
9.938677502795963
9.93824979138512
9.938299992886574
9.937424436438477
9.93742234186279
9.938279870520656
9.935368920051348
9.938502782514163
9.94006417945813
9.932610223924534
9.93886463356039
9.937406452475887
