8,485.175
8,465.909
9,1840.8719999999998
6,1894.005
1,1163.559
4,914.427
8,934.825
10,1210.113
6,1710.461
5,1630.568
3,1172.914
1,2482.982
3,1287.949
5,1500.009
9,1648.922
6,1074.631
5,1456.254
6,1320.7269999999999
5,2040.76
7,2459.296
10,1364.7939999999999
4,1186.407
3,1077.025
10,1296.382
2,1684.6950000000002
10,1688.9740000000002
2,1909.089
2,1731.522
2,598.616
2,1426.225
1,1198.173
6,756.903
1,1378.01
5,3773.609
2,697.285
3,1473.8020000000001
3,1899.275
9,1732.1509999999998
7,1198.629
1,1525.876
10,2371.021
9,1746.981
10,1397.6680000000001
9,793.538
8,1616.931
6,1328.7440000000001
3,1113.466
2,1592.027
1,1990.116
1,1451.652
8,1528.946
9,1957.952
6,842.0
5,811.011
7,925.461
8,1450.42
5,1641.2910000000002
6,795.571
10,1711.54
6,2071.211
10,2094.277
10,712.697
2,1797.185
8,1411.903
8,1617.63
2,701.025
3,2012.047
4,1295.862
6,1526.318
5,2034.086
3,1294.204
6,927.786
2,1246.047
10,1641.475
8,2032.31
3,1148.268
5,1086.7069999999999
6,1946.284
2,1585.743
6,1591.571
2,602.226
9,2077.085
6,2832.51
9,2445.96
2,1193.6680000000001
4,587.667
6,1191.805
2,954.756
6,2093.796
8,1884.217
7,2139.375
3,443.019
1,1874.346
4,493.155
6,1049.592
10,2364.834
8,1390.454
5,393.044
8,1488.472
10,1162.726
3,2371.008
10,2263.815
9,2265.694
7,804.831
8,2030.298
9,833.798
8,2054.365
9,2104.783
8,2566.62
2,1403.785
10,1465.838
10,2506.6059999999998
8,2473.871
10,1208.686
6,1257.028
6,1933.134
9,2187.819
5,2683.294
9,1705.405
7,390.213
2,1487.201
5,1757.505
4,1194.2069999999999
7,1941.733
5,2220.172
6,566.355
3,765.598
6,1253.4470000000001
3,177.231
6,1235.8890000000001
3,1485.57
2,1712.433
9,1058.245
7,1490.701
10,1306.858
8,1160.034
9,3393.95
3,592.933
1,1682.7
2,1321.02
1,922.09
5,764.92
4,1574.887
4,2192.406
6,1607.8719999999998
2,1444.813
4,2341.817
8,2531.264
6,721.878
8,1328.104
5,2054.762
5,2473.703
5,2047.267
3,1526.377
3,1211.433
2,1716.79
5,2156.102
1,2177.7
9,1989.304
9,1288.817
10,864.755
7,1249.718
9,1208.3600000000001
7,876.542
1,1709.399
8,2325.844
9,1793.799
2,1322.838
6,1596.28
1,976.005
9,1363.341
4,1313.689
6,1954.7359999999999
5,1899.1109999999999
2,1261.246
10,935.909
6,2097.108
4,2422.406
4,878.54
2,994.929
1,861.855
1,1097.58
10,1854.1390000000001
2,1017.417
8,1341.076
4,1013.45
6,793.9
2,956.425
1,2133.566
10,1270.417
4,717.649
10,658.063
9,1731.067
2,1538.104
4,1411.181
6,2060.016
3,824.045
3,553.31
4,976.834
6,1740.498
4,727.382
1,2080.774
4,1021.046
2,1463.7
6,1198.28
9,2230.903
1,2753.323
3,531.525
4,2091.495
2,1229.647
3,2403.882
4,2488.995
4,1496.6770000000001
3,1196.581
4,2373.425
2,1157.8220000000001
4,393.701
9,1551.627
1,1710.222
3,1145.513
10,2311.745
10,1285.524
8,1912.192
4,884.719
10,1584.6219999999998
8,1852.911
3,2325.141
8,738.064
4,2040.936
6,1693.379
10,1527.217
2,1361.429
5,2562.874
2,1220.375
10,2810.947
6,893.386
3,2312.8469999999998
10,2282.428
6,2371.173
10,1122.032
8,1377.23
8,1709.199
5,1796.902
7,2777.391
4,1548.5439999999999
5,541.154
9,1156.949
6,1544.6799999999998
8,2870.328
8,1958.512
8,823.474
2,1055.313
5,2109.105
2,2056.396
3,1817.903
4,1082.749
7,1982.5430000000001
9,1546.56
4,1241.685
5,1666.6599999999999
9,1756.597
5,1433.926
1,1951.596
8,935.25
7,1192.658
7,1392.873
6,1416.604
4,1000.926
2,1429.782
4,651.229
8,1550.237
1,2700.176
9,1365.098
4,1181.433
3,971.294
6,955.579
1,1260.234
8,1688.443
7,2142.1059999999998
1,1459.673
4,1559.429
4,1902.971
5,2205.498
7,1148.942
10,1080.085
1,1362.792
5,1895.298
6,1324.92
1,1978.99
1,2384.401
4,1296.127
4,1513.3890000000001
7,2083.295
6,2502.557
4,469.349
7,1484.511
9,1236.266
8,1061.909
8,813.738
4,825.508
3,2677.498
4,1861.2730000000001
5,1894.38
6,1805.049
3,497.879
8,789.156
3,1470.863
8,1285.502
8,1573.275
10,1407.382
6,651.04
1,1846.7150000000001
3,1401.893
8,1280.686
3,472.475
3,1793.663
5,969.455
6,1469.163
4,1049.298
10,1645.721
7,1659.252
4,1716.71
8,981.338
3,2144.584
6,883.384
9,564.913
3,574.575
5,909.182
6,1078.203
2,2737.5969999999998
10,1786.0
4,845.35
4,726.367
8,1240.887
9,1417.709
3,1617.671
1,2796.835
9,2288.214
2,1683.594
4,1169.863
7,1222.479
5,662.363
8,1541.6950000000002
9,1222.649
6,1586.739
9,1710.004
10,2525.756
4,1070.826
5,1020.107
3,1093.295
5,1529.038
9,1886.2910000000002
6,2042.189
6,2258.396
7,1758.8780000000002
10,1037.09
2,1449.865
9,1859.716
2,1052.371
5,2124.796
6,1636.001
9,1552.7759999999998
4,2108.074
10,1404.699
2,1139.528
8,774.267
9,1346.863
1,889.308
9,1090.533
6,1751.966
9,1005.666
7,1398.039
8,1203.875
5,1445.222
7,2404.228
1,2063.088
5,1160.055
8,2471.827
9,782.353
8,1070.409
7,1492.195
4,2305.66
1,594.448
5,1154.948
10,919.659
2,2103.692
2,856.354
4,971.659
5,1687.266
4,1966.607
10,1370.622
2,1064.911
5,2139.29
10,1673.2640000000001
8,1259.556
4,1339.292
8,2327.768
3,1652.4189999999999
9,1023.156
6,1991.386
2,681.735
5,1261.0520000000001
1,2246.98
4,1594.395
6,1372.154
9,1666.272
5,761.491
3,1463.59
5,1981.472
4,2323.428
7,2279.741
1,1223.323
10,1088.465
10,863.124
10,2252.758
1,1508.929
8,1163.183
3,1111.776
3,2248.655
6,1505.165
7,2033.439
9,861.279
1,1109.766
2,331.439
2,697.793
8,2253.212
7,400.105
10,1998.4389999999999
9,1343.565
5,2147.27
3,1067.435
6,2210.324
4,840.422
1,2193.91
7,985.544
4,893.797
3,1342.491
7,788.22
2,628.846
6,1305.004
10,676.267
5,2221.2
4,2577.551
3,1645.931
6,1263.541
5,1647.031
4,1875.2179999999998
4,1616.557
6,1540.0439999999999
9,1814.857
5,1516.886
5,2168.12
8,1106.577
3,502.579
6,689.928
8,1326.92
2,1475.233
2,1881.384
9,1408.882
4,1816.733
5,1203.297
8,1519.455
5,1591.475
7,1856.1570000000002
9,1351.808
5,1818.434
9,759.974
5,2030.663
6,2299.366
7,1316.5520000000001
8,1771.857
3,1999.597
3,1473.999
1,1088.934
1,1576.768
9,1070.266
1,1416.036
10,2290.205
4,2241.568
8,2081.442
5,1500.654
10,1231.622
5,1635.99
1,2636.58
10,1289.661
3,1283.535
9,449.122
9,449.098
4,938.962
6,1678.7240000000002
7,1587.998
2,1329.5819999999999
8,1560.0
1,2438.207
10,1090.642
7,1285.295
7,1469.846
3,551.676
10,1557.941
2,1161.892
5,918.301
8,1050.11
6,1402.815
5,2856.006
7,1380.067
5,1606.955
7,1681.909
6,3140.839
7,1975.5430000000001
4,1406.222
6,2141.5860000000002
9,1983.024
1,1098.361
8,1941.504
2,2326.043
9,113.477
8,383.833
4,1437.7269999999999
6,2500.866
5,890.166
8,1600.13
2,1523.417
1,630.413
10,150.342
6,1182.727
7,1530.1390000000001
4,1415.94
7,1448.51
9,2339.628
9,2198.651
4,1266.2
9,1554.397
6,937.159
7,2331.218
10,1481.6019999999999
2,1210.952
4,1120.025
7,875.993
1,867.769
6,1213.327
8,1229.943
1,576.142
6,1292.973
5,1431.704
6,1815.109
9,732.121
1,949.898
5,816.411
6,1954.318
6,1761.7359999999999
9,574.834
3,2049.099
4,1602.517
5,669.886
9,2277.594
1,1297.968
1,1186.866
5,2265.921
4,1074.895
5,2115.215
2,2010.804
1,2682.139
3,825.838
4,788.135
10,846.419
9,1432.475
4,1522.354
4,989.196
8,632.527
9,984.247
2,890.412
7,1080.411
7,1267.085
7,2228.885
6,1087.154
8,969.807
8,1177.857
8,1028.755
7,1751.6399999999999
7,2138.6
3,1872.24
3,1424.493
2,1303.021
7,1282.1390000000001
10,1648.012
10,1627.846
5,508.454
8,407.539
5,1703.141
8,1323.498
10,1860.2359999999999
4,1861.592
4,1778.453
6,1688.81
10,1701.155
2,2003.25
6,1862.283
8,1314.182
8,1333.914
4,2200.449
7,1306.174
9,1185.063
3,1197.627
9,1335.142
7,1248.995
6,1796.2060000000001
