4,1451.958
4,1819.025
4,856.122
5,1134.807
10,2215.516
6,771.465
1,1799.8049999999998
5,2006.371
3,1713.932
2,2490.828
7,1688.054
2,962.885
4,1067.188
3,1606.394
3,2547.118
5,2460.839
9,2631.196
2,1674.362
5,1939.319
3,1129.62
4,1742.089
10,1030.799
8,752.459
3,1467.534
10,1063.103
10,1840.248
1,1108.6680000000001
1,304.648
6,924.759
3,1511.91
4,2075.931
7,1622.278
4,1506.4270000000001
6,1376.276
10,578.628
1,1527.301
1,2096.51
8,2042.631
4,1119.104
1,940.602
4,2146.561
3,1671.399
9,1958.1779999999999
6,2369.593
6,2205.677
6,369.98
10,2729.959
8,978.433
7,1363.561
10,1206.6100000000001
2,1149.464
4,1348.628
8,1535.56
5,2377.171
4,544.997
9,1842.923
2,610.097
6,1698.289
4,1224.12
8,1304.993
1,912.123
10,2262.697
2,1732.124
4,819.759
5,1198.755
2,2613.499
2,1298.93
6,1499.604
3,1846.845
1,2882.746
8,1582.613
8,1072.8
7,2341.388
10,1479.713
10,1024.209
2,2305.908
2,1369.436
7,970.901
10,1196.619
8,1331.1390000000001
7,1097.709
7,1877.4
9,1223.604
2,1079.003
3,895.845
5,1444.343
4,1105.835
9,303.271
1,781.459
2,980.984
6,1835.217
6,2044.86
5,1732.893
8,1770.792
1,785.221
7,1980.417
3,1305.865
10,1360.319
2,530.846
9,1146.138
1,393.202
10,1510.566
10,2340.391
8,1438.776
3,1751.606
9,1404.313
3,1993.737
3,1826.396
8,1792.223
4,2026.616
5,1577.946
1,1085.637
9,2184.924
10,1286.1019999999999
4,2515.309
1,2966.7799999999997
3,755.87
5,1433.643
5,1399.635
4,2384.404
3,1345.522
10,2681.092
6,962.513
10,2179.8940000000002
10,1929.229
6,2951.305
9,581.769
10,2378.692
8,778.453
8,1571.161
8,1105.844
7,1942.8220000000001
9,1565.608
10,1587.144
6,2174.892
2,1129.076
9,2615.491
5,1157.9279999999999
1,511.323
8,1230.392
2,817.619
10,1462.871
5,947.64
9,2786.883
5,1124.021
1,1989.9740000000002
4,1307.571
1,1750.51
2,2625.102
4,1081.375
6,921.559
8,1449.587
1,567.017
3,1443.835
2,599.865
2,714.629
6,1819.356
10,917.048
6,1785.116
4,998.996
1,1989.5230000000001
2,1505.284
3,1009.713
10,517.593
6,1444.5729999999999
4,1877.161
4,2190.275
6,2628.168
2,2738.499
4,1368.077
6,1783.6860000000001
9,1113.111
3,1910.685
8,1825.778
5,1137.061
6,1380.617
6,2750.781
3,1467.763
8,1335.083
8,1204.926
7,1397.558
4,1012.655
1,954.886
10,1922.7440000000001
9,1037.24
7,2027.173
10,1278.653
7,1894.208
8,1021.882
1,1766.33
5,1599.0
1,1405.358
7,1996.56
6,1514.339
3,1248.039
7,980.892
4,1562.719
4,1550.682
4,1153.373
4,1575.377
5,1453.067
9,702.962
5,2130.871
10,1879.167
10,1875.0439999999999
2,2230.369
1,901.49
8,1228.539
8,1086.926
2,1637.917
5,1211.22
4,1475.992
7,1603.529
4,1020.497
6,2176.88
9,1341.788
8,923.699
8,1467.136
6,2454.943
9,1364.076
10,2846.298
2,2271.2799999999997
3,1658.0529999999999
7,2468.139
9,2544.851
7,1098.76
5,2402.793
8,384.684
7,2598.647
5,1843.184
9,1247.046
7,633.579
3,2311.062
3,1496.666
9,1074.974
3,1920.6480000000001
2,2548.572
7,1620.308
4,1106.538
7,1481.6309999999999
10,1504.067
8,1604.359
9,2029.009
8,2421.058
8,1365.686
10,2177.721
8,872.06
3,585.493
8,1126.037
8,657.426
1,1041.045
6,655.824
8,2862.13
2,1186.694
7,2720.241
2,1396.551
3,1909.03
6,945.621
6,1937.2649999999999
8,933.296
1,1046.174
2,1348.989
2,1315.444
7,2166.838
3,1068.255
5,1085.008
8,949.377
4,1677.199
3,1605.425
4,1866.074
1,954.835
4,924.847
1,646.606
6,1302.022
3,2396.233
4,1500.3890000000001
5,2097.401
1,1147.5819999999999
1,838.54
7,1077.209
1,1388.867
9,962.978
6,2535.804
8,1913.996
1,1991.3319999999999
9,1418.5819999999999
8,1265.999
3,1193.342
5,807.269
6,2563.87
3,1234.261
10,1991.066
3,2655.127
9,2319.5389999999998
6,1495.8600000000001
4,1510.194
1,1669.69
6,1390.024
7,1028.526
2,1902.0720000000001
6,1430.2649999999999
9,1680.287
10,2706.661
4,1873.403
2,2004.485
8,1276.5430000000001
2,1513.31
6,1595.316
3,1512.7359999999999
1,2317.379
8,2943.7290000000003
8,1898.62
6,1773.8319999999999
2,940.098
1,1373.336
4,1058.804
9,2279.913
5,1312.509
6,2260.923
4,1323.542
4,1172.031
2,1378.745
9,2623.193
5,1418.774
3,1567.9360000000001
9,1840.511
9,2053.322
5,1687.068
9,1573.4569999999999
3,2902.799
2,1900.045
8,1376.8899999999999
4,1979.9569999999999
10,1168.27
9,1153.67
3,812.585
7,854.857
4,2043.119
2,1728.5720000000001
3,1538.2759999999998
1,1348.3690000000001
9,1708.3020000000001
9,966.722
6,1288.724
4,1377.628
5,1532.7910000000002
8,1760.77
6,1338.441
3,1481.482
7,1080.263
10,1618.54
7,1813.607
10,2458.239
1,1835.815
1,1782.432
6,1759.384
1,1126.706
7,1743.097
7,1652.1190000000001
1,1117.706
3,3510.078
2,1537.002
1,1511.147
1,1299.046
4,1482.123
5,1677.716
2,1272.113
2,944.303
1,1659.613
1,1159.186
9,2033.262
8,1712.3029999999999
9,2395.895
4,590.404
7,1828.058
5,39.251
8,1061.471
1,854.814
2,1466.421
5,798.341
6,1074.035
4,1408.368
2,1103.526
9,488.56
8,1228.753
7,1658.6779999999999
2,1712.9070000000002
1,992.044
4,968.725
8,1259.225
7,1202.339
9,2331.634
10,1106.749
7,2213.527
9,1222.72
2,1572.48
4,1539.396
4,2326.124
5,968.349
1,1813.79
10,1110.7930000000001
6,1636.9470000000001
8,561.175
3,1529.796
5,1693.009
2,1880.219
5,1649.938
3,1472.107
7,1758.047
10,1384.088
2,1847.5520000000001
7,1491.501
1,2652.66
2,2283.801
8,681.543
10,1032.341
2,663.647
10,1869.922
1,673.633
8,1670.3339999999998
2,1007.596
6,1398.937
1,846.796
10,2064.355
8,1487.785
7,1242.391
8,1542.903
7,744.964
4,1463.222
6,2367.956
6,1674.6689999999999
8,1896.558
4,933.903
1,1099.693
5,904.319
10,1359.862
2,1891.891
7,2382.424
3,1899.0230000000001
6,1307.601
6,1484.753
5,1748.317
9,1508.784
5,1273.635
5,1507.6979999999999
9,1998.6
8,1356.147
3,1630.608
5,2174.713
4,1361.65
4,1488.057
10,2420.997
6,1111.743
7,2031.903
2,1407.193
1,1503.175
6,711.598
1,2590.684
3,2077.745
9,3457.534
2,1324.8319999999999
4,2369.964
10,1852.838
10,1406.509
8,2514.549
6,1923.9740000000002
7,1796.262
4,1046.084
8,1793.5810000000001
7,1757.644
1,2492.243
8,2040.289
7,955.778
3,1662.589
10,1313.067
8,2019.118
6,722.809
8,710.233
5,1970.626
4,1837.123
8,2093.082
10,2163.007
4,733.259
1,711.953
4,1606.595
10,1755.9740000000002
2,1418.85
10,1194.521
7,1637.922
9,1491.054
8,1798.755
8,1490.21
7,839.266
2,1385.921
8,969.029
6,1276.519
4,1756.521
9,2330.457
8,1198.55
10,1725.2820000000002
1,2105.32
4,986.429
1,1523.937
10,1114.808
1,1190.805
6,1563.557
7,814.777
10,801.244
5,1473.718
8,1559.2759999999998
4,1338.22
4,2423.669
5,1029.173
5,2157.222
2,1420.01
8,839.966
9,1009.861
9,2093.121
6,1583.279
2,2257.686
10,944.595
10,689.626
7,1322.373
4,1676.696
3,1223.58
4,1769.2350000000001
3,948.832
10,2155.557
6,1857.104
6,910.148
8,1005.234
5,2012.05
5,1925.969
7,1412.321
8,467.045
8,1839.2240000000002
10,829.287
10,2850.2219999999998
7,3162.622
10,1128.185
1,1490.819
1,986.214
2,836.974
4,1715.1689999999999
8,803.416
3,2303.87
9,1574.3890000000001
6,726.342
3,2128.69
6,2029.024
2,1590.394
10,790.035
6,1070.048
10,1785.859
8,1725.671
5,1128.778
3,1022.5889999999999
8,1430.182
3,2493.367
1,1440.806
10,1768.964
2,1519.6019999999999
6,1132.142
5,1430.314
6,1476.318
4,1657.199
4,815.271
8,1119.259
3,984.144
4,1194.452
7,1828.943
5,1211.951
10,3221.206
3,2438.84
2,486.234
7,1577.062
4,1860.7269999999999
9,1826.316
4,1153.596
10,1806.534
9,1395.21
9,2368.3450000000003
9,960.219
9,1483.568
4,2592.9030000000002
7,1056.304
10,675.467
10,885.584
6,1430.5729999999999
10,1937.96
1,1240.721
