7,582.811
3,1318.976
8,1556.983
10,875.301
4,1461.213
2,1273.012
6,1221.877
8,2108.868
4,2513.438
3,2082.136
9,2699.923
1,1275.5520000000001
6,1135.831
1,1824.606
5,2230.471
4,2162.587
7,2111.507
9,1947.499
8,1901.932
9,2056.956
1,1573.6660000000002
9,1657.7440000000001
2,1217.859
1,1605.1399999999999
5,749.353
5,1621.409
10,1500.6390000000001
3,723.374
4,1824.6100000000001
9,828.898
1,1158.307
1,1187.7649999999999
4,1112.907
2,2822.705
2,1851.995
9,1278.338
8,1629.853
10,2501.796
3,1146.842
8,896.555
6,1762.65
8,1169.893
2,1696.868
7,2883.605
7,1299.08
8,1207.746
10,441.931
9,1966.507
4,1463.339
2,1700.454
5,1967.156
6,1286.801
4,1450.28
8,1685.12
2,1108.154
2,953.197
5,965.032
2,1362.254
8,545.35
2,847.272
5,1187.435
8,660.605
5,1272.385
9,1766.1019999999999
9,2253.284
10,1500.07
2,1120.988
6,1759.183
2,2084.323
5,1697.328
1,1420.032
2,1084.825
8,3211.295
6,1968.185
4,667.206
8,716.672
2,1293.471
6,1235.943
1,2545.737
3,2371.813
4,1286.897
3,1549.767
8,1143.18
9,1031.314
3,1015.988
7,1616.005
7,1965.975
10,1686.983
3,1848.682
3,1688.578
9,1036.414
4,1331.689
3,1795.6889999999999
6,2464.71
1,1181.91
5,2363.516
9,1483.1779999999999
2,1212.495
4,2126.539
1,1776.79
2,1886.775
7,2069.289
4,2200.217
1,491.921
8,1242.591
3,1823.3339999999998
4,661.478
9,1488.923
9,2446.315
4,2183.409
3,1937.1599999999999
4,2145.96
3,1950.783
5,1609.0410000000002
4,1413.883
3,1594.7469999999998
10,957.736
1,2240.051
8,1218.5149999999999
8,883.649
7,1014.149
3,1327.108
7,2329.591
9,1323.099
9,1886.6100000000001
1,2110.372
4,812.241
2,1679.434
5,2064.89
6,1166.652
2,775.61
9,1720.71
10,2300.439
5,631.901
8,1475.716
4,1742.995
8,386.708
9,479.874
6,1094.117
5,1774.7350000000001
5,1886.875
9,2354.142
6,1333.942
9,627.738
1,2343.583
2,1407.269
8,2448.3469999999998
6,1566.365
5,1004.34
1,1757.7649999999999
4,1167.616
5,1926.442
2,1483.916
2,2481.255
8,2198.248
4,1320.851
10,1830.76
8,1506.796
4,2111.372
9,1704.146
8,1458.444
7,937.78
10,1333.478
3,1283.534
7,1544.859
3,1637.905
2,838.427
1,974.524
1,2858.801
7,1611.537
1,1105.673
6,807.119
1,1228.714
8,1781.9859999999999
4,782.109
1,1844.5349999999999
8,2945.805
3,1367.253
7,1281.358
10,2428.628
9,806.833
9,260.892
8,1246.3899999999999
8,1700.845
5,2336.627
6,1592.4850000000001
7,950.47
3,1768.107
10,1298.399
4,886.037
5,1633.7640000000001
10,927.03
2,1728.005
8,1934.955
9,1724.838
1,2693.075
1,2591.038
10,1520.7060000000001
10,1671.4769999999999
1,2108.058
9,310.774
8,917.208
7,928.785
9,850.833
4,1607.255
7,2548.884
9,905.799
1,1957.1100000000001
2,334.329
6,1422.584
7,1577.344
5,2137.419
3,1699.376
7,1039.092
4,1599.801
5,663.293
4,1485.252
5,1973.6779999999999
6,2286.647
8,2218.563
4,1039.09
1,2195.456
2,1086.04
9,2170.042
5,2768.066
1,1431.672
1,2390.604
5,1473.8809999999999
1,928.669
1,2028.087
3,1466.007
6,1738.9859999999999
4,489.634
4,1263.651
4,1803.403
3,2023.747
10,1729.7910000000002
5,684.85
1,1367.074
5,1410.128
3,1799.966
7,2231.334
5,1112.715
8,2681.958
6,1470.864
2,945.811
9,1305.626
4,493.198
6,2047.25
7,1411.3980000000001
5,1756.685
10,1707.149
7,2204.094
9,2451.244
4,1965.315
10,1579.034
1,1733.363
3,2008.636
8,1123.479
5,1227.845
1,1659.415
5,873.122
7,2260.018
1,1307.091
4,2700.293
8,1539.172
1,930.146
2,735.181
7,1163.176
9,451.926
2,676.559
5,581.843
8,1314.267
6,243.677
10,1536.691
1,1398.338
4,653.204
9,1145.0140000000001
8,2047.106
8,1306.454
10,1226.2069999999999
8,394.057
5,1351.282
7,1641.219
6,2291.974
5,1391.941
8,1800.1390000000001
4,1076.934
2,791.683
8,1814.4279999999999
2,1866.788
5,2058.549
4,1083.87
6,1531.607
10,3313.842
9,2447.033
4,1390.849
10,1723.6390000000001
8,2214.457
2,1401.149
7,1589.443
4,909.362
3,920.069
7,2091.52
5,2559.7870000000003
10,1343.355
3,1605.0990000000002
7,1213.659
1,2182.899
6,2060.796
7,1579.386
1,1474.17
9,891.939
3,968.018
6,2175.886
5,1800.525
4,1584.837
4,1338.871
6,1452.834
10,2351.142
8,2071.296
2,1260.346
8,1465.287
7,1168.45
7,1202.587
10,756.944
10,830.771
5,971.794
3,1167.83
5,853.719
4,2314.364
4,1836.738
3,1468.4470000000001
5,2167.831
10,1014.934
4,1148.6399999999999
7,1472.714
9,1165.108
2,792.01
7,1602.338
5,1027.032
9,427.953
6,1129.131
7,2243.32
1,836.685
1,1837.696
8,1038.402
9,2485.667
2,2222.194
5,1582.9859999999999
9,1533.7069999999999
9,1534.0320000000002
10,1998.855
9,1677.7150000000001
1,684.255
10,847.487
8,2405.271
6,1239.778
6,1423.6109999999999
6,1679.6390000000001
10,1080.684
4,2028.442
7,1500.799
4,1846.767
6,1361.69
2,956.639
4,1695.7640000000001
10,1084.118
4,1152.721
9,1590.027
1,2017.097
3,1369.195
5,1357.375
8,1396.454
10,1459.732
5,1120.924
8,2643.792
1,1189.343
9,1639.394
8,773.111
2,1284.194
6,516.825
9,614.43
2,1538.281
1,533.589
4,2724.5209999999997
5,1294.618
5,1591.138
8,2807.959
10,1722.693
4,2131.45
10,2284.614
9,1605.813
2,1410.437
5,1777.708
1,816.1
10,1118.738
8,1552.211
4,2593.08
5,1206.627
9,1826.4160000000002
2,1392.839
2,1554.734
8,1350.338
2,1539.059
9,958.622
3,1469.646
7,1129.122
6,794.836
2,3518.342
5,1655.2910000000002
2,2298.657
1,1498.502
6,1815.513
8,1250.914
6,948.447
8,939.478
9,1240.377
9,1596.862
9,877.673
3,1045.614
7,882.77
8,1934.347
7,2481.194
1,1741.172
10,2801.342
6,974.673
6,2080.839
4,1509.747
4,1494.608
3,2614.227
10,382.314
10,687.723
3,1194.479
8,1053.111
2,1743.434
7,1036.235
5,1869.913
3,834.063
6,2216.561
4,1455.75
3,1582.8049999999998
3,2025.612
9,1582.036
10,1600.6
7,2008.672
8,1208.492
3,3128.218
7,1334.4560000000001
6,874.042
6,1725.3690000000001
10,1785.601
5,1767.98
7,1501.847
1,1237.437
4,1337.204
5,1425.009
6,1679.722
7,1278.218
8,538.383
5,970.613
1,406.356
9,3292.245
2,1374.474
6,1375.063
4,1227.867
5,2058.599
7,1536.299
10,1550.0410000000002
4,2433.8360000000002
3,2179.587
1,1500.926
4,2691.473
6,2025.289
9,1449.949
4,1278.2559999999999
3,1085.909
1,483.784
1,2399.7780000000002
5,985.666
5,1928.7
7,1579.875
9,1564.395
4,1907.216
9,1783.077
4,1250.823
10,1776.74
5,2159.596
1,1525.449
10,1209.548
5,1296.103
4,873.608
5,786.237
8,569.63
8,785.006
4,106.506
10,1646.835
3,2483.262
1,598.092
5,1334.691
1,562.52
7,1543.087
3,1756.759
5,1682.905
9,1065.797
5,1094.537
1,491.004
2,1689.818
7,1560.749
7,1309.034
9,1799.716
10,1073.743
5,1373.124
8,2320.428
8,1793.545
6,1076.732
2,1473.299
1,2226.806
2,1135.833
9,2077.773
7,2590.875
10,1623.8339999999998
5,937.305
1,1796.5
10,1939.0810000000001
1,2079.554
6,550.489
8,1716.845
8,1050.39
5,2070.357
7,1173.771
3,1355.437
5,2346.197
1,1053.755
9,799.762
3,2084.212
1,1000.309
2,768.78
1,2480.089
5,3115.861
6,2423.001
9,1438.733
1,446.648
10,878.377
5,1541.351
9,1095.88
8,1501.007
6,1288.395
9,868.605
10,1928.763
5,2300.674
5,1633.396
10,1014.068
8,1031.721
3,723.506
6,763.2
9,439.317
1,1617.799
3,900.255
7,736.052
6,1327.812
3,748.957
7,2162.905
2,1273.8
2,998.535
5,1557.9479999999999
7,848.157
5,636.12
3,734.313
10,1203.157
2,1006.841
3,2196.391
9,1896.761
2,1211.549
10,1309.729
9,1875.1689999999999
3,967.44
3,1358.439
7,1939.2820000000002
6,2172.218
10,3437.821
6,870.386
10,2345.05
4,587.471
6,1658.6799999999998
1,1059.341
5,1076.134
3,1809.577
6,2212.195
5,2181.319
2,778.918
8,1059.26
7,1255.47
2,860.779
10,2079.012
10,1118.492
5,1238.263
1,667.61
9,2381.706
4,1290.761
8,1659.991
