6,436.946
9,1066.776
1,1779.505
10,998.543
6,1268.6100000000001
2,1147.488
9,732.453
3,1129.709
1,1564.098
9,2844.067
4,2362.525
4,1995.1779999999999
10,2507.716
2,1094.323
7,1409.05
7,1929.97
2,1403.232
6,1344.098
10,1813.538
2,1879.138
10,2166.781
2,2332.771
10,1088.237
1,1522.105
5,1398.188
1,1528.636
5,1660.539
5,1449.739
5,1123.461
2,2380.115
10,1685.806
2,2806.978
8,1691.9560000000001
9,557.215
7,1177.063
6,1751.393
6,1179.875
9,768.97
7,1890.0549999999998
8,2039.862
8,847.838
5,1313.574
5,1054.037
3,1084.372
6,1755.8519999999999
3,1616.06
1,991.855
6,614.575
3,1064.912
3,1973.8220000000001
2,1110.636
2,907.23
5,1553.728
5,1376.76
8,1180.346
2,1166.781
8,695.052
10,1495.81
1,1833.944
9,1414.166
10,2411.626
9,1452.305
3,1200.777
2,1750.571
3,1391.172
3,1876.1950000000002
8,2208.149
4,1788.463
2,1877.887
9,3132.846
3,2049.276
4,2242.551
4,1024.081
7,1115.595
7,682.789
3,2604.043
1,130.583
1,1859.5410000000002
5,1572.387
8,712.56
6,2592.048
1,1728.9470000000001
6,1582.728
6,1263.195
5,1192.4180000000001
2,1253.965
7,1124.67
6,1869.489
8,1640.7759999999998
5,1414.696
6,1000.462
1,198.617
9,752.69
5,1469.441
6,1622.909
2,2039.307
7,1645.8
8,1671.326
9,1234.47
10,2244.998
3,1879.455
1,1938.71
10,2829.001
9,1709.759
1,1772.629
1,1611.113
4,1075.021
2,1197.298
2,2034.581
6,2007.052
4,1926.261
6,1301.314
2,925.972
3,1504.444
7,1207.481
7,1172.531
2,1937.382
2,1061.961
10,1465.278
3,801.593
9,444.147
2,1591.009
7,2660.053
10,1989.17
1,1474.769
1,2187.795
10,1586.223
1,1262.164
7,622.909
4,1620.098
2,1555.8200000000002
1,1436.9479999999999
5,2304.148
5,391.467
5,1588.3400000000001
1,3482.863
1,792.986
6,2070.002
5,1150.432
2,1538.163
4,842.703
3,1342.3
6,1615.569
9,826.655
4,1563.75
10,1768.591
3,731.55
6,494.886
8,2094.852
5,1027.546
4,1737.4679999999998
2,1179.884
4,1622.891
7,1273.089
6,1224.2649999999999
9,2460.105
5,591.836
7,1256.31
10,1880.952
2,805.817
3,1354.9180000000001
3,1619.058
7,1688.255
3,1287.388
5,1231.291
8,453.224
10,2326.043
1,476.199
6,931.688
7,1281.877
7,1412.049
3,2580.723
1,1225.158
10,1098.116
4,2177.005
6,1114.739
6,2319.209
2,1116.32
2,2433.39
6,733.54
3,435.744
2,1831.042
4,1250.873
8,2637.455
1,841.607
8,1450.1689999999999
2,1820.257
9,1182.774
7,1761.289
9,1921.145
3,1469.296
1,652.276
9,1403.783
6,2173.626
1,1805.6970000000001
7,1718.723
6,1085.291
2,2526.68
2,1011.219
2,1063.902
10,703.631
10,925.125
9,929.463
4,1330.1190000000001
10,737.731
6,1447.079
1,1527.597
1,1211.592
7,2223.513
2,434.077
3,391.411
10,1994.086
2,2812.824
10,939.25
9,1002.064
7,1794.833
1,696.624
4,2165.892
9,1060.065
2,1916.656
1,1542.537
8,707.219
6,1609.109
2,1148.295
2,1463.011
10,2813.172
8,1808.857
7,2120.479
8,1082.665
4,2725.082
2,2538.651
6,1187.346
9,2592.3379999999997
10,2033.79
10,1449.751
10,1330.424
10,1249.613
2,1122.12
3,1303.664
4,781.828
10,1352.2640000000001
10,1816.211
2,1046.253
6,1390.343
7,2274.535
5,405.426
10,854.225
7,2022.169
7,1432.989
7,1724.586
7,886.208
5,1543.712
8,1779.386
8,1189.0
4,862.192
6,1862.143
4,2362.912
6,1590.042
3,1304.173
9,1969.386
1,1940.487
7,1764.989
9,1748.377
2,1113.987
4,1669.1970000000001
5,785.903
8,1096.785
4,1280.393
10,1992.348
2,1820.995
8,1859.19
3,1873.066
7,2066.866
5,3104.669
7,2814.263
6,1991.759
6,1276.704
3,2246.278
2,1445.2730000000001
1,1298.496
8,1591.934
4,1679.933
5,1982.0529999999999
9,519.121
4,1256.262
8,948.436
2,1978.097
6,759.334
2,1102.709
9,1595.575
6,1260.812
4,1348.6970000000001
3,1789.592
2,1064.69
2,722.695
3,2052.602
6,1530.018
4,1556.412
9,793.261
4,2491.325
1,1758.705
2,1040.139
4,1724.9450000000002
2,1729.6399999999999
6,2300.422
6,2588.987
1,1666.5610000000001
5,1448.125
7,2149.849
5,976.784
10,1987.021
9,2022.141
6,1279.759
2,2024.775
4,436.766
1,1959.759
7,2327.884
6,1405.8899999999999
10,1965.55
2,1728.98
4,1080.524
1,1234.939
9,1377.347
1,1074.018
9,2027.724
3,1927.586
9,1623.883
2,1277.976
10,1042.206
8,1376.013
5,2073.754
4,990.814
10,1699.7350000000001
4,531.696
3,1768.487
5,2201.078
4,2251.266
7,1144.397
7,1138.585
10,795.842
10,1313.35
2,1298.717
9,1035.591
3,710.384
5,1396.937
3,1954.9589999999998
2,1663.025
9,1127.919
8,1274.308
4,1356.587
4,1762.021
1,535.784
8,758.48
7,981.097
6,1559.5900000000001
10,907.987
10,1397.998
5,1767.688
2,737.142
4,1072.944
7,2181.124
1,1026.854
7,922.542
4,1844.508
6,1954.8690000000001
2,1177.732
8,1189.997
10,657.157
3,1591.288
4,1104.174
8,2417.425
3,2186.378
10,2152.681
5,1240.489
4,913.175
1,1244.338
1,969.52
2,1869.452
4,1958.867
5,1293.999
2,549.727
4,872.366
5,2037.62
4,792.166
1,584.041
3,1497.15
10,1353.951
3,388.834
7,1741.467
2,1099.091
4,944.871
3,1988.4160000000002
5,940.827
7,2181.504
6,948.045
2,1227.122
5,1861.7240000000002
2,1090.054
4,965.298
10,2040.494
4,2686.427
3,1179.802
10,1008.78
3,1663.137
6,621.655
2,854.269
10,831.446
9,1942.254
6,971.755
6,1630.3890000000001
2,999.851
8,766.66
1,2890.54
7,2162.345
7,691.294
2,2127.066
1,911.78
7,1454.473
7,1408.814
9,2287.042
5,1325.021
1,2934.189
4,3138.747
1,1258.304
7,1718.667
6,1978.113
2,1563.3049999999998
5,3090.15
1,1096.497
7,941.76
3,1131.872
8,1218.657
2,1806.623
4,1915.5720000000001
1,3172.832
7,1007.164
3,2184.95
2,599.742
8,1217.271
1,858.762
7,2401.442
3,1384.763
5,2059.397
6,982.84
5,1241.587
10,1559.085
4,1628.452
5,1443.745
4,878.39
7,2262.657
10,571.059
5,1344.739
6,1784.816
3,2698.511
4,1422.107
8,1635.88
3,1917.376
3,922.284
6,1817.577
7,1624.618
8,2171.567
6,2035.817
6,1806.87
10,1173.624
5,830.563
6,1382.721
1,1996.841
5,1212.922
5,1768.888
5,1513.729
5,856.209
4,830.041
1,2666.2799999999997
4,1318.182
5,2159.558
6,2522.858
4,1443.7269999999999
8,1498.72
8,1248.283
8,1458.978
5,563.453
8,343.373
8,866.391
8,1928.2820000000002
1,938.44
7,1854.731
1,636.326
8,622.484
4,1517.8809999999999
3,1217.894
9,1321.134
9,1142.95
6,1093.417
5,1389.55
5,727.194
3,2068.649
2,792.777
2,2536.359
6,2229.161
1,823.466
9,2539.118
10,1657.0230000000001
2,1011.908
5,1314.1770000000001
4,2077.176
2,2352.478
2,1089.132
4,1166.281
8,1681.469
7,574.211
10,1853.887
5,1562.646
2,2795.897
4,1329.114
4,944.078
1,1038.276
7,1929.502
10,1773.085
10,591.282
1,2357.945
1,2356.566
2,767.47
9,1527.608
4,2356.994
6,1929.2730000000001
7,629.236
7,1160.751
2,1278.269
6,719.629
7,919.804
1,2647.93
5,1110.882
5,826.303
6,1548.158
9,2375.773
5,2351.588
3,841.318
4,1598.095
5,926.882
5,865.843
5,1209.4569999999999
2,1478.554
8,719.56
8,2161.049
2,1986.316
1,991.161
8,2524.18
4,1817.106
9,1334.455
1,1519.237
4,1207.569
4,527.983
1,1768.029
2,1930.0259999999998
9,2121.627
9,901.653
2,690.363
2,1254.638
5,958.302
7,1749.7069999999999
6,914.861
1,835.019
10,2091.69
6,1109.836
9,1596.9070000000002
5,1920.877
3,1051.279
5,806.912
8,1854.621
6,1624.1100000000001
5,1904.3809999999999
4,851.423
9,1325.729
9,1208.331
10,2381.477
7,2110.697
10,1203.37
8,1251.717
8,850.722
4,625.628
8,211.056
6,1252.228
3,1134.3319999999999
7,1387.02
10,2417.643
2,1923.808
10,2250.7889999999998
10,1309.54
10,1468.999
4,1730.796
10,1404.813
8,1388.2060000000001
2,1035.576
7,3030.083
1,1385.034
10,1369.57
3,873.878
6,1764.057
8,1273.725
5,1651.9569999999999
