3,352.758
10,1567.363
7,1032.57
10,1314.3229999999999
7,975.643
7,938.643
3,386.902
1,1111.875
7,1663.233
2,1855.975
1,2105.724
3,1882.2730000000001
1,1333.609
6,807.296
7,740.01
1,1376.478
2,498.137
4,2663.956
4,1684.3220000000001
4,1085.698
8,1758.917
8,925.535
6,1473.375
3,1456.87
9,2050.73
3,1711.6190000000001
4,525.825
8,1278.474
1,1856.72
3,1764.612
9,1478.233
10,2005.912
9,2073.215
10,1915.341
8,3524.397
8,730.851
9,1291.849
1,1522.6970000000001
6,1758.583
1,662.974
2,1082.907
2,784.891
6,786.395
9,1390.386
4,1220.528
8,1040.253
5,1137.2350000000001
6,2822.447
3,2095.273
4,1224.533
6,2068.213
2,1673.74
8,1974.604
8,2164.2110000000002
6,1761.694
7,1276.824
4,1012.358
3,1896.589
7,1295.781
8,1513.0819999999999
9,759.259
4,1460.297
3,1894.534
9,1241.335
7,815.32
2,1459.012
3,1484.249
6,1402.738
4,1232.415
6,1057.949
7,2773.44
7,1121.383
8,579.75
2,1062.262
2,672.423
1,1592.481
7,1133.213
2,1106.696
5,722.183
7,1713.4679999999998
8,1762.751
3,816.641
6,1246.502
4,2250.18
1,1080.661
2,232.476
8,2420.114
4,1119.024
9,1350.079
1,1102.838
2,765.411
4,1771.672
1,862.214
6,1482.064
6,1865.938
5,2230.507
4,1708.065
7,2098.109
6,840.226
1,732.287
2,485.671
6,783.461
5,1309.776
8,1628.479
7,1653.17
3,1119.606
6,1226.549
10,2406.047
7,1303.694
7,1903.23
5,1705.5720000000001
3,2990.553
9,2187.13
10,1245.1680000000001
5,1215.575
2,2203.608
6,1977.2649999999999
6,1646.519
7,2628.5190000000002
2,1139.349
8,992.031
3,751.026
7,1490.055
10,1444.846
10,2559.851
1,1061.909
3,2028.608
8,1473.493
6,212.914
2,1432.408
8,2363.505
7,1137.901
4,2546.89
1,1781.435
1,1666.8319999999999
8,1948.4279999999999
1,1149.72
3,1650.4589999999998
9,2344.581
10,546.61
6,1894.6889999999999
1,826.734
7,1293.101
3,761.51
6,3689.601
3,1374.318
10,911.916
2,1829.771
9,2493.069
10,2475.375
4,991.283
2,2132.328
8,1193.945
8,123.116
5,1367.02
5,238.88
3,1591.327
9,1521.4270000000001
1,1378.195
2,1698.196
3,2109.011
3,878.142
2,2078.718
7,1554.9940000000001
4,608.428
9,2586.9139999999998
7,1757.786
8,1030.07
4,1237.727
2,1438.005
6,1660.098
2,2139.212
6,1766.664
1,1904.5230000000001
5,895.197
2,1760.9479999999999
9,1349.835
8,846.74
7,891.032
7,989.349
2,2238.953
4,1077.105
7,1355.267
3,1191.624
3,1392.539
5,1550.826
3,1511.592
5,2562.684
1,920.67
1,2006.353
6,1687.807
6,1843.263
1,1859.234
2,935.315
4,1931.592
7,2507.721
3,1848.2530000000002
7,1062.472
8,1558.8719999999998
10,2714.948
9,2039.852
6,1575.7849999999999
4,1152.123
9,1409.138
4,2129.137
3,1967.283
8,586.913
9,1080.746
9,1042.37
1,512.069
3,899.182
2,1765.441
5,150.044
7,892.912
9,1293.897
5,1695.433
8,1717.702
3,1929.3229999999999
8,1274.555
6,2534.668
1,1692.62
2,1434.954
1,1324.931
5,800.45
3,1033.671
8,1506.623
10,2651.327
4,2197.938
4,1592.5639999999999
6,2289.383
4,707.601
6,1859.1889999999999
7,1160.981
4,1875.6280000000002
5,2015.111
7,1333.632
9,2036.562
9,2810.881
5,1427.393
4,2248.984
1,666.238
8,1609.255
10,1219.244
4,966.921
3,1636.341
10,811.496
4,1071.724
3,1106.012
8,1429.039
6,1949.713
7,1882.395
7,1923.0140000000001
9,2049.726
3,869.684
7,1867.171
4,1011.049
3,2533.389
8,521.425
10,1365.541
8,1271.3809999999999
5,741.935
5,1995.1779999999999
1,1760.2939999999999
3,1071.365
8,1613.8020000000001
10,1310.267
10,1838.545
8,1739.3400000000001
8,2503.34
8,1374.843
10,1250.278
10,2333.453
7,1231.146
2,1480.57
8,1755.19
1,1345.587
9,1581.26
9,1593.912
9,2607.482
2,943.787
6,2186.048
1,2027.766
3,1523.7730000000001
7,791.827
5,1439.162
8,1063.305
1,2134.819
3,1035.786
9,859.629
5,1564.359
2,893.948
7,840.815
6,2087.736
1,2146.048
4,1615.0929999999998
4,570.114
7,1725.533
4,1490.979
1,1804.0230000000001
5,1775.38
2,1559.991
4,2301.695
4,672.493
3,2594.94
6,852.748
2,540.614
2,2485.342
10,1726.217
6,1856.423
3,1683.5439999999999
7,1831.374
9,2302.601
1,1782.387
5,1663.931
6,2084.942
5,2939.44
1,1865.538
6,3031.636
6,891.456
1,1464.665
5,1743.469
3,2435.05
9,1604.298
8,1432.828
2,1774.775
4,2805.048
3,1587.6399999999999
10,1100.067
6,1567.8110000000001
1,2346.294
4,685.309
5,1474.253
1,1094.637
1,1114.395
1,2121.708
4,901.631
8,1354.534
2,1336.914
2,854.609
3,2051.271
8,1543.463
4,1564.74
1,1012.792
4,1376.53
1,1162.842
9,1528.15
6,502.707
9,555.535
1,1135.992
10,742.537
6,1873.3
6,949.704
6,843.179
8,2044.86
3,1535.075
2,1647.693
2,938.136
9,2016.58
8,2118.026
3,742.171
10,1914.368
5,1206.537
1,731.502
9,1805.1950000000002
4,2035.241
4,1258.758
3,1964.665
2,1546.963
7,2008.532
5,986.311
5,1372.56
2,1259.537
1,2269.952
7,1692.13
8,1483.945
9,778.803
5,1194.617
9,2260.873
6,924.713
2,996.168
7,991.467
10,735.748
7,1253.0529999999999
3,2120.75
8,2831.128
9,897.985
1,793.03
5,562.39
10,1538.635
5,1425.152
4,610.391
7,1569.833
7,2075.185
6,1470.588
1,1317.16
2,1236.142
10,1888.938
7,1083.666
4,1272.546
5,813.322
3,976.759
2,2199.515
7,1250.561
10,1559.094
9,2004.02
5,2026.122
8,1922.925
4,851.482
7,1194.729
3,1827.3029999999999
10,1439.909
5,1311.9180000000001
6,1669.636
7,1240.812
10,1906.027
4,793.653
8,1118.491
3,2209.666
2,1859.048
7,1120.6
8,1064.245
10,1400.809
5,998.002
5,789.63
3,1990.1970000000001
1,997.787
5,1518.7820000000002
1,1975.071
5,2568.005
4,1846.911
7,1599.318
8,1264.275
10,1952.275
2,1285.047
10,1033.281
2,1127.509
10,1738.047
5,1329.921
3,836.541
6,814.59
3,1168.159
3,822.907
9,1055.134
1,2390.603
10,1624.1799999999998
2,1269.215
10,1667.649
3,1361.964
1,1662.051
3,1122.133
5,1322.8220000000001
5,1714.0810000000001
9,1608.097
2,1970.251
3,1336.842
6,1871.614
4,653.019
4,1106.439
6,1248.118
2,1334.259
5,738.191
2,1651.501
10,765.905
1,1088.157
4,816.347
1,613.232
5,1780.973
8,1314.825
6,1656.4189999999999
5,893.509
4,1784.789
8,2128.522
8,3690.548
8,1675.9270000000001
6,1621.358
1,1076.929
3,1062.211
9,1678.778
7,2228.454
4,2080.488
7,659.622
9,2377.993
4,1394.394
3,2276.632
6,1918.821
8,1077.988
9,1250.219
1,1390.792
8,601.106
8,1546.645
5,1881.83
1,1761.263
3,792.828
2,2232.657
4,1496.076
9,569.008
4,1011.15
1,1897.4769999999999
9,1194.171
1,2377.554
9,934.187
3,639.617
5,1669.9850000000001
8,1505.76
1,418.013
4,980.624
8,2416.756
3,2506.7110000000002
3,1419.854
10,1542.438
8,2632.466
8,2020.41
2,1423.317
7,1055.596
9,1274.915
9,1305.328
10,989.672
4,1245.246
5,686.381
1,1156.949
4,767.673
2,1091.379
3,1726.431
4,1508.443
5,1659.6309999999999
6,1444.686
10,1226.811
7,1841.754
6,1138.542
5,1232.199
8,1766.587
9,2437.911
1,1790.5819999999999
2,854.833
2,845.373
7,899.042
2,791.911
2,929.644
9,1639.213
3,768.178
1,1399.278
3,1170.961
10,1095.423
4,690.578
9,1909.548
5,3280.965
8,653.824
8,1614.2179999999998
3,1093.339
9,1241.711
8,1130.642
8,1299.417
10,1544.687
3,2792.261
8,1885.6889999999999
6,1905.029
2,1605.804
8,1792.5140000000001
8,1853.866
10,1321.943
1,1144.846
7,1882.8200000000002
4,1340.354
2,834.306
3,1860.871
6,619.783
6,813.216
5,946.607
5,2073.836
9,2327.719
4,1704.174
9,1336.662
1,1314.836
8,1449.944
3,1238.362
9,1441.488
10,2486.075
6,1030.532
9,2599.264
1,1510.725
2,993.885
9,848.123
10,1292.136
9,1457.732
6,2066.201
9,2620.959
4,947.88
1,831.529
7,1957.566
4,1440.444
6,2526.596
4,1114.466
8,670.812
4,1807.484
5,1358.548
8,2123.083
8,1952.495
9,2208.84
7,1210.026
8,1063.806
8,2221.901
9,1185.388
10,1054.479
8,1896.787
8,2284.67
5,1229.585
