8,554.926
5,213.613
6,805.616
3,1205.233
10,1734.171
2,1320.45
3,1719.63
2,668.134
10,2343.943
8,1552.021
4,2780.585
7,1632.854
6,2110.3
8,1474.473
9,1997.341
6,449.27
2,1719.3490000000002
10,1392.824
1,986.157
10,1383.349
5,2145.688
6,2220.692
2,1100.463
8,1077.816
7,1763.167
5,1301.579
9,957.791
9,1945.949
4,906.132
10,1146.848
6,970.388
6,1117.3220000000001
7,1556.743
3,1372.3899999999999
7,690.672
4,1445.959
1,2058.096
8,1300.3600000000001
3,1347.923
8,1493.452
2,1206.763
3,798.195
7,2509.908
6,754.915
7,1142.334
2,1851.825
4,1244.979
7,1138.712
1,660.796
10,2571.052
6,1785.917
5,926.822
7,1897.185
1,932.803
6,1364.106
4,1690.5349999999999
6,2161.814
6,1416.313
1,1208.626
4,1271.7559999999999
9,733.507
5,2204.585
8,2177.314
10,1740.6860000000001
7,1390.414
10,1545.525
6,1443.0230000000001
3,1315.97
3,1266.024
5,1231.989
5,903.822
2,2394.008
7,2450.059
8,1932.337
10,1726.8899999999999
10,1310.7
2,2336.407
7,2108.889
5,1920.2350000000001
1,724.869
10,2561.455
8,721.002
1,2711.365
3,856.43
4,2123.436
5,1324.854
9,1339.474
4,729.048
10,1507.754
3,1633.6860000000001
10,1516.742
10,1423.397
7,2270.493
6,2211.94
7,1222.0140000000001
4,211.759
7,637.939
2,1590.63
3,2364.57
8,1525.9850000000001
10,768.988
6,2226.14
3,955.77
5,1728.7440000000001
3,2598.7290000000003
4,1528.858
4,2702.737
1,1489.993
1,1476.343
1,894.331
3,544.237
3,1101.413
4,1773.336
10,1097.563
1,1339.882
4,1502.421
8,1920.855
8,875.738
7,880.524
4,936.673
8,1737.5900000000001
8,955.318
3,1028.272
3,1458.966
4,1447.684
3,1255.965
5,649.939
9,1188.993
9,2350.037
6,2171.31
10,1980.75
10,1242.847
7,810.648
5,427.428
2,1821.703
1,1425.799
8,1779.275
8,1823.011
2,1877.28
7,1117.573
10,1216.836
7,1135.116
9,3945.923
10,767.481
8,1782.883
8,1543.804
9,1001.795
1,910.446
4,1574.518
9,1018.522
9,1613.954
9,2123.316
6,1215.202
9,1644.309
5,1897.548
1,1236.219
4,2069.013
6,427.784
1,2330.9719999999998
9,924.021
8,1591.2060000000001
2,1482.762
6,1273.117
7,2201.89
10,610.271
6,2512.497
8,1226.352
3,1281.551
9,1904.568
6,2320.035
4,1858.098
5,2027.388
2,1465.3310000000001
9,1348.379
6,2160.149
7,1364.385
9,1585.825
1,1189.497
1,1318.377
3,2093.044
2,1175.191
1,1546.7440000000001
5,1731.374
6,1799.251
1,1472.137
7,2441.781
10,938.875
6,1100.291
6,2265.357
7,892.607
5,1572.647
1,1829.417
7,1526.4
10,1060.255
4,855.626
10,2113.293
3,1051.39
3,500.083
3,1390.593
8,1568.4740000000002
8,797.576
6,1264.654
1,2535.295
1,1240.055
10,1729.355
6,640.054
10,1412.2
9,2354.3360000000002
10,2293.877
5,2576.309
8,2555.007
1,2220.931
3,2740.486
10,2966.82
6,1202.826
5,1661.866
9,635.613
8,1210.25
4,1160.275
3,2063.994
7,381.676
10,2463.263
2,715.482
10,2072.721
10,1030.757
2,2419.551
10,1801.5819999999999
5,3595.7039999999997
3,1662.842
5,827.587
7,1651.4279999999999
6,1584.0349999999999
5,1271.568
8,2518.3940000000002
8,1587.392
7,2661.33
8,1628.877
4,893.697
2,489.068
7,972.567
9,1983.202
2,2059.633
9,819.75
2,932.272
1,1636.277
6,2175.739
5,1686.9569999999999
9,1044.98
10,789.165
10,2277.785
10,1434.0529999999999
9,2197.534
8,913.868
9,1111.869
8,1418.684
9,1687.844
5,1196.132
9,1697.694
7,1843.6309999999999
2,1263.57
9,1537.432
5,1441.6680000000001
6,1201.977
10,1540.2649999999999
9,1764.867
4,1075.221
3,1949.284
1,1625.328
9,2430.525
5,1117.783
4,2163.033
1,1138.912
8,491.909
4,724.947
9,1356.124
7,1342.969
6,1076.106
6,1282.845
10,1945.636
6,1070.849
2,1112.133
9,953.212
4,2049.678
6,1799.145
9,1671.492
7,1310.373
7,2700.543
10,1031.551
10,2669.355
7,2442.018
10,1097.465
2,1179.608
5,1892.1799999999998
1,1385.57
3,2539.5460000000003
4,1178.182
7,2048.6
6,2080.219
9,1613.8980000000001
3,744.149
6,1007.596
8,1822.404
5,1405.8980000000001
2,2474.665
8,1895.0700000000002
7,898.96
10,1467.431
6,1801.705
7,1659.4160000000002
2,2110.008
1,1837.2
8,2396.727
7,3436.401
8,2310.796
2,1210.281
10,1497.5529999999999
9,560.167
5,1120.235
10,974.532
7,1227.154
2,1432.228
5,2489.33
3,1747.301
3,1096.914
5,1112.954
6,2268.7799999999997
10,1649.461
3,1345.2730000000001
4,1538.24
6,778.483
2,2094.6059999999998
4,1392.863
7,2149.833
5,1546.1970000000001
3,2351.996
9,956.888
2,1575.142
2,1012.896
9,940.099
8,803.574
4,1794.915
4,643.404
6,2922.224
5,1023.4110000000001
7,1365.6
9,2056.146
1,585.137
6,1093.622
1,766.289
1,1680.024
4,759.008
9,2926.864
4,1153.355
10,2130.766
10,1718.335
8,1401.1100000000001
8,1633.071
1,2500.04
3,2054.051
1,1461.796
5,1771.691
3,3440.85
6,1458.425
5,2442.0389999999998
10,1688.144
5,1592.2469999999998
10,1961.7759999999998
9,1377.598
9,1029.022
3,1115.026
4,1335.673
9,376.219
3,684.094
2,972.229
10,866.581
1,1192.748
9,2729.184
10,874.151
8,1799.4769999999999
10,742.292
8,1590.74
8,1210.532
8,1539.3110000000001
3,2464.455
2,810.287
9,1318.218
5,1506.344
5,2832.953
2,2322.794
8,993.958
6,1675.9160000000002
10,1558.813
6,2075.251
2,1686.546
4,648.101
9,1853.699
6,1629.163
5,662.266
3,1515.81
10,998.132
8,1444.259
5,3577.61
8,1130.035
7,1724.7640000000001
9,1188.8220000000001
3,1190.38
9,1356.658
9,2273.451
2,2443.676
10,2045.395
3,1757.786
6,1797.8400000000001
6,1242.669
5,1487.829
6,168.811
7,1217.88
5,1113.542
10,459.614
5,1474.429
7,897.962
2,2170.559
1,1239.999
8,972.516
10,973.817
1,2137.564
6,716.193
10,824.111
7,1431.66
7,888.394
1,1064.549
7,832.963
4,779.75
2,941.669
9,2038.84
9,1853.145
2,700.759
10,2088.328
3,1557.426
1,1391.205
1,860.818
9,1034.386
10,886.571
4,1920.309
9,1524.0439999999999
7,1676.45
2,1248.415
1,2100.247
2,1022.062
7,1543.5259999999998
7,1617.687
9,1134.032
3,1518.491
3,1095.654
10,1019.325
10,1362.98
10,1347.642
10,1024.856
10,1930.902
5,1008.127
10,2894.9539999999997
5,779.037
8,655.173
2,874.453
1,531.402
4,1368.67
7,1143.74
10,1171.714
1,2514.297
5,2447.159
1,2469.989
10,1035.597
8,1051.001
7,1910.531
9,2762.611
4,1740.252
9,1407.701
8,1729.879
9,2403.841
1,1633.856
3,1414.78
2,1353.763
6,1314.776
3,1788.231
1,972.902
5,1055.101
6,2028.844
8,1309.976
2,1965.5439999999999
9,1900.792
1,780.322
5,1126.28
3,1300.3319999999999
10,489.83
7,1509.511
3,2121.05
8,787.339
6,1706.8139999999999
7,1596.325
6,2774.346
2,2012.767
10,1411.505
7,901.632
5,855.648
9,1811.3220000000001
4,264.837
3,1197.8220000000001
1,1937.1100000000001
9,898.777
3,490.482
5,836.625
5,972.086
3,1302.329
7,689.585
6,1868.116
6,1961.966
6,1331.715
9,595.992
8,352.909
7,2405.283
3,1416.0810000000001
6,2330.7780000000002
9,2218.145
2,1034.212
4,1812.645
10,1019.566
7,1365.91
10,2061.153
4,2061.212
7,605.135
7,982.74
2,2034.441
9,1336.931
3,1021.979
2,3225.236
5,2013.202
5,2151.873
2,1693.864
9,1923.489
10,662.21
9,1322.068
3,1010.584
6,1181.977
5,1261.096
1,599.624
1,1518.964
8,1105.5819999999999
1,1461.434
3,2159.264
3,1127.843
4,703.179
8,3114.247
10,1202.607
5,1315.002
8,1389.2649999999999
4,900.288
9,1403.114
4,2308.601
10,1188.061
3,1139.653
7,1965.095
6,1736.942
3,1286.478
8,2513.002
9,1895.887
7,1474.4560000000001
3,1082.049
4,1193.698
10,1357.049
5,1625.3690000000001
1,2041.338
10,1696.917
10,2271.877
7,1465.526
7,1206.75
1,3159.727
6,1723.088
7,2209.345
5,1340.524
8,1234.106
10,1853.057
10,1070.994
9,2207.088
10,907.817
10,1163.828
6,824.092
2,1331.844
5,1813.842
7,1320.875
9,1124.342
2,1204.931
7,563.007
7,1489.784
5,1791.347
4,990.253
