7,737.994
10,1673.353
8,1226.721
4,1268.689
8,1642.726
9,2373.79
9,2037.694
1,903.302
3,2489.487
6,665.255
4,442.542
1,667.318
9,1377.221
7,2066.659
2,1028.449
4,1259.491
4,1166.703
1,911.661
6,2133.339
6,1510.666
7,1098.338
3,1365.4569999999999
3,1324.856
6,1473.488
2,1600.772
5,2471.752
6,1274.319
1,1529.857
3,2028.57
3,1108.8220000000001
10,1615.4450000000002
10,2620.136
1,3119.386
7,319.511
1,1139.422
10,1701.133
6,1652.4740000000002
1,1220.243
1,2606.625
8,2105.742
5,1162.234
6,1434.804
5,2220.011
9,2321.695
8,2234.927
8,1629.1280000000002
3,1565.972
3,1649.786
2,1297.017
3,1067.726
1,1248.711
3,2472.743
1,2130.218
1,2192.2889999999998
7,2122.228
6,1142.525
2,1376.4270000000001
7,1061.721
1,864.909
3,1139.859
9,750.238
5,1063.119
6,1242.708
8,1361.8029999999999
8,1676.065
9,1666.605
3,2512.123
2,614.003
2,1725.024
9,1156.06
8,1182.475
10,1294.034
7,918.453
9,2528.473
1,1118.788
6,1142.344
10,1955.546
6,1054.486
5,2018.281
10,497.893
1,1419.799
6,1248.71
8,1436.604
3,1614.893
5,1394.2640000000001
5,872.604
5,1258.827
4,1627.4470000000001
9,1553.96
5,1481.489
10,2028.181
8,1406.0059999999999
6,1705.078
9,780.825
8,2523.388
2,1811.475
5,1554.818
6,1661.379
4,640.638
4,1854.492
10,1281.149
10,672.574
7,1733.033
2,2256.14
3,1235.355
8,1741.091
8,1534.894
2,1865.664
7,1092.056
6,435.079
5,1961.754
6,1876.1779999999999
6,1879.6190000000001
3,2004.753
8,1495.086
5,1498.035
4,1054.833
9,1099.313
10,1227.676
5,1636.051
7,1622.905
3,1544.693
4,500.692
4,1297.97
5,2189.579
5,1827.847
3,1820.047
8,2182.166
1,1737.512
5,609.002
8,1229.475
10,694.333
8,2467.713
7,1214.923
6,648.485
2,1057.706
10,1397.784
9,1093.275
9,1648.101
10,800.04
1,1381.117
3,1429.642
5,1501.636
3,1827.299
1,864.386
3,1287.972
8,1980.549
1,1323.098
8,1224.602
7,1694.862
3,1788.338
5,1806.586
1,1232.3600000000001
10,1535.537
8,2184.442
5,1910.712
5,1025.323
6,1164.934
1,527.659
8,1597.1219999999998
2,1514.054
7,2662.326
3,1653.723
6,1258.071
3,1004.013
9,467.737
8,1011.929
1,1313.482
6,2070.585
4,2227.058
7,1864.925
1,1379.906
8,1689.3139999999999
6,1221.9470000000001
2,993.131
1,1091.805
6,1858.899
7,1164.217
4,755.716
8,926.262
5,2892.37
5,1505.416
3,1307.275
1,1892.4560000000001
4,851.803
8,839.196
6,984.08
6,1652.0430000000001
7,820.495
6,1964.185
5,1002.543
5,1458.795
9,996.834
1,1936.261
6,412.023
7,2622.623
2,1869.609
7,868.755
3,1166.867
5,1017.439
7,2094.489
10,771.829
3,1190.031
4,906.444
7,1452.592
7,1775.6689999999999
7,1770.357
10,1654.009
5,1664.3220000000001
9,2591.2290000000003
7,1936.049
7,2652.89
2,1194.2069999999999
6,1402.24
7,1466.285
4,2150.018
3,1047.422
2,1542.9679999999998
5,842.373
5,1898.098
2,412.507
6,803.581
6,1097.9569999999999
2,1563.545
2,858.763
5,1475.74
6,1781.319
1,2039.025
5,2297.51
9,3451.793
1,1624.202
9,2540.457
2,1065.573
10,1492.711
8,1449.71
2,978.125
3,1610.991
2,1240.688
4,1017.33
3,2536.36
7,2059.398
7,1226.769
5,703.028
1,2026.782
6,1100.495
8,2075.654
2,1983.585
3,832.189
9,2502.917
10,965.443
3,1289.8029999999999
6,1761.998
7,1774.107
8,2339.701
2,2071.553
3,2294.326
6,1133.0430000000001
5,728.015
1,589.351
9,803.914
7,2599.344
8,2555.187
3,1798.489
1,2860.108
10,1264.1309999999999
7,1336.567
9,1476.7359999999999
6,1805.2150000000001
6,1299.726
1,2226.171
5,1821.5
4,1390.768
6,428.721
8,1452.467
6,1953.836
5,1375.621
10,2941.98
8,2853.074
4,1513.6399999999999
3,1532.846
5,697.621
6,1278.246
2,598.901
4,1536.8110000000001
8,1812.074
10,1213.16
9,2595.817
4,1215.8319999999999
3,838.564
10,1072.762
4,1808.694
10,1482.946
3,1056.789
2,974.163
4,1331.201
2,2854.834
7,2583.865
10,2085.271
5,2117.727
4,1110.757
2,279.055
1,815.459
6,1477.914
4,579.942
7,1771.191
6,845.667
1,1003.192
3,2421.642
2,2307.991
6,2025.834
9,1657.701
7,901.375
5,1884.411
2,1515.1770000000001
2,1910.162
5,1033.813
6,987.376
3,2326.2799999999997
8,1074.687
6,268.005
8,1031.813
6,1735.804
3,1202.05
4,1856.6100000000001
8,1558.234
3,1386.76
9,1835.853
8,2322.283
5,675.397
8,1655.5810000000001
4,1080.778
10,1133.751
4,918.749
8,708.84
4,1076.249
7,1992.892
5,1492.191
7,2960.193
9,2739.557
6,927.442
10,1240.279
9,1616.408
9,1823.324
7,460.838
6,630.942
4,1152.075
5,1892.0720000000001
1,2384.7889999999998
7,568.217
5,1844.1979999999999
2,1568.129
4,911.611
5,696.855
7,1233.392
2,1622.161
6,1603.5439999999999
5,2118.583
10,1932.367
5,1422.462
2,1402.628
9,1919.011
5,1326.046
10,2147.185
1,1480.438
5,1338.374
1,1216.782
5,1705.6689999999999
1,721.04
5,1379.8899999999999
2,1411.415
4,1019.122
8,712.023
8,873.551
2,1197.684
6,729.022
3,2427.408
7,2734.322
4,1724.299
6,970.721
6,2438.736
2,1954.595
7,1208.595
8,1091.573
8,540.331
1,945.719
1,477.784
9,2958.266
1,2601.506
9,491.723
2,1468.203
5,1016.073
9,2270.469
8,2357.741
4,1969.307
3,1075.186
5,754.965
8,1798.1979999999999
1,1221.663
9,1601.9679999999998
8,2071.862
10,2220.927
1,868.774
6,1258.816
8,550.486
10,1084.782
7,1352.964
1,1561.702
8,1640.333
9,671.763
6,1438.464
7,1932.0819999999999
3,869.389
1,1803.663
8,740.447
9,1567.8110000000001
2,1731.1019999999999
5,2087.132
9,1507.751
6,2922.448
3,1172.143
9,875.187
10,1769.6680000000001
2,733.687
6,1265.266
8,1191.862
2,2466.938
7,2632.318
6,1822.797
9,3046.315
6,2601.364
10,2107.732
2,1904.239
10,1591.609
3,1386.623
9,2643.681
1,411.092
3,2587.665
8,1718.999
8,1980.2060000000001
6,1708.036
9,658.515
1,925.316
8,1546.7849999999999
6,1505.008
7,2148.437
4,970.646
9,488.122
5,1217.783
1,1311.491
5,1329.202
5,1062.854
6,1648.9070000000002
8,1616.4850000000001
8,810.761
1,1709.992
9,2610.1440000000002
5,1316.904
2,1566.491
7,1793.524
4,1145.398
7,632.412
8,962.532
9,1449.574
7,1484.356
2,1337.674
6,2223.572
10,1587.123
6,1808.268
8,873.14
3,1209.87
3,2255.898
6,1268.001
1,2062.467
8,1740.6109999999999
4,1483.29
9,661.133
1,2525.087
3,1619.708
9,1774.81
5,1301.603
8,1456.9560000000001
3,2722.68
6,1939.3020000000001
7,1772.851
7,2001.218
1,1240.017
3,1156.422
3,1280.7730000000001
1,2039.622
3,1711.5900000000001
2,1000.967
4,572.776
8,1420.508
2,1251.989
4,692.205
9,984.957
4,1505.12
5,855.89
1,1286.903
7,1768.859
3,1159.754
3,1570.954
1,737.345
5,2754.582
10,2122.429
9,2058.607
4,1302.363
1,1994.02
1,1498.464
9,1335.849
2,1498.776
9,2069.384
8,464.841
1,1178.8220000000001
1,1757.8
9,2377.484
5,1850.925
9,849.721
6,1629.24
3,2138.975
4,949.252
9,1166.348
4,116.747
8,1038.901
3,1525.7910000000002
10,1512.231
10,1574.2640000000001
9,1524.851
1,2058.443
1,1704.854
4,921.0
8,1597.708
1,1120.434
1,1423.12
1,1233.0529999999999
8,1263.989
10,1439.126
9,1446.976
8,1173.558
6,902.275
10,374.876
6,2145.396
4,1770.699
1,1761.684
6,1508.5520000000001
7,643.2
7,2098.289
8,2537.7110000000002
10,824.982
6,1365.096
3,703.245
10,1218.156
4,1695.201
4,1939.101
3,2543.0299999999997
5,1366.025
4,1612.347
6,1520.5729999999999
5,1190.583
6,1089.066
7,1470.394
2,1004.096
3,2046.687
8,1308.262
6,2365.635
9,2220.587
1,1140.873
4,1034.218
9,942.639
8,1974.8899999999999
7,1300.057
6,1069.192
3,871.698
7,1227.968
3,1139.183
10,1226.675
3,1440.009
8,2359.8360000000002
4,1350.5149999999999
8,1945.0149999999999
1,1490.78
1,1627.086
4,659.928
4,1055.117
2,1037.029
4,1760.913
10,1012.961
8,1138.877
2,1011.591
5,1909.493
10,765.934
5,1769.825
9,2046.735
8,2002.879
7,1856.833
7,2119.148
10,3219.398
5,1067.602
2,482.734
1,1343.819
2,1873.435
7,1307.562
