2,252.147
1,755.576
4,363.684
9,1156.096
5,1765.7849999999999
5,1070.115
8,967.212
7,800.434
6,1615.4560000000001
7,2506.411
10,1857.117
6,1614.421
4,2560.563
6,2508.209
8,2107.742
3,2180.733
2,1448.289
8,1682.629
5,1978.217
7,758.324
9,1834.2269999999999
2,2354.314
10,1718.074
5,793.259
1,1559.1
7,1842.5810000000001
3,2221.973
6,1230.027
5,802.529
3,1384.248
8,1573.097
8,856.415
2,983.799
2,1528.237
6,2463.479
9,1040.839
1,1654.4070000000002
8,655.598
7,1902.463
5,2538.38
7,1868.62
3,1662.424
2,1312.795
10,2191.467
3,1925.1019999999999
1,2872.436
10,1478.29
7,1359.084
4,454.109
7,1704.871
10,1089.006
9,965.361
5,615.464
8,2307.663
2,1994.587
9,1207.356
1,1593.3220000000001
3,2036.769
10,1087.456
5,905.523
10,2242.768
10,1779.545
1,1239.3890000000001
1,1378.3809999999999
4,1491.843
8,2345.6639999999998
9,2476.046
3,2767.745
10,1455.9940000000001
9,2726.118
8,775.285
5,2028.508
4,1724.012
2,1608.444
2,1536.7649999999999
8,848.221
9,1748.339
2,2320.329
3,1207.161
8,1703.2640000000001
1,1172.299
6,2254.168
4,635.222
10,826.611
8,445.865
6,1760.9650000000001
6,1508.1399999999999
4,1279.8600000000001
9,891.621
2,1558.519
4,990.12
2,920.403
4,1459.062
9,815.116
1,1588.383
1,1662.654
5,865.925
6,1298.305
1,2157.763
8,745.593
5,1598.684
3,683.671
5,1545.556
6,1633.292
2,2582.684
7,893.509
10,2597.226
5,1615.217
8,1354.188
4,674.235
7,2016.759
6,1773.7089999999998
7,1368.08
2,1158.724
1,1392.3319999999999
4,1515.163
8,1993.638
10,1067.91
3,1611.114
4,2411.682
2,1189.049
10,2065.194
3,2053.635
2,2309.75
8,2011.926
7,1948.637
7,1865.395
1,1031.262
5,1404.288
4,1980.9969999999998
6,1259.326
4,1599.249
9,1587.161
6,2030.81
5,1477.775
10,1452.96
5,1444.411
5,446.236
2,1001.722
1,1886.897
4,1182.232
3,934.461
2,727.452
10,2079.5
6,407.506
3,718.431
1,1721.8339999999998
5,826.324
1,1244.408
4,860.346
1,1466.401
2,967.132
6,1772.9389999999999
9,1945.958
3,1493.394
9,1126.227
9,1787.876
3,2458.757
10,1070.912
7,1397.897
1,1412.8
6,1175.4470000000001
5,1839.636
6,2275.274
9,1233.362
7,1815.757
8,886.058
6,1442.796
2,1697.286
3,1800.164
2,1079.287
10,1144.056
7,1663.615
9,2458.416
2,909.444
4,1629.9859999999999
6,2005.271
8,2076.285
6,1785.251
3,2081.43
2,784.152
5,1621.328
2,1359.766
7,2082.19
5,1607.545
8,1949.387
7,1317.682
3,1178.391
2,1391.687
5,1979.983
8,840.942
6,855.677
4,1616.704
2,770.383
5,1242.108
6,530.204
7,889.187
10,2146.169
1,2159.177
7,1170.124
8,1237.5
2,1503.7359999999999
2,1191.4180000000001
7,1618.8
9,1203.199
7,1061.349
6,1062.548
5,567.398
6,2115.923
6,2209.079
2,1315.505
10,1902.615
8,2659.625
10,602.756
6,1399.993
6,1374.653
4,1470.242
3,1547.565
1,1516.2820000000002
8,781.07
9,369.197
7,1400.982
1,805.71
6,1400.739
2,1003.438
9,1627.017
7,1044.824
6,2562.193
1,1369.935
5,1996.491
4,2478.422
6,888.286
6,1978.8690000000001
4,2295.671
3,768.051
10,1703.7359999999999
10,2075.255
7,1623.636
5,1643.23
7,3010.867
1,1579.933
6,1717.931
3,1240.491
6,1049.648
9,2015.598
10,1036.976
5,1071.078
1,2045.638
6,697.154
9,1946.376
9,961.287
8,1661.472
9,1172.393
4,335.597
7,1374.906
2,1312.651
8,1705.661
6,838.748
9,1363.561
3,1401.692
1,1146.5
1,1683.397
10,1533.421
3,1258.2060000000001
2,2609.776
1,1839.647
7,1338.06
4,1790.6309999999999
5,1089.878
4,1263.659
1,1287.046
3,1775.366
4,1264.046
3,1130.738
8,1886.187
4,2555.742
9,2639.392
2,2253.932
9,1747.713
6,1134.692
6,1637.1280000000002
10,898.086
7,1633.402
4,943.597
8,911.378
9,736.575
7,1268.297
9,1704.25
1,1022.055
9,2576.816
10,2290.109
1,1169.338
7,1147.917
8,700.755
7,1135.16
7,1335.436
4,778.141
8,1536.87
2,1581.221
3,1534.461
7,2453.929
6,1726.268
2,1636.505
4,1303.6
2,1802.4479999999999
2,1661.896
9,1036.531
2,1287.166
6,1653.1979999999999
9,2663.993
5,1215.672
4,1657.819
1,1248.271
5,755.167
1,1017.021
3,1345.474
2,1970.763
2,1445.163
6,2203.345
4,2349.926
5,924.924
8,990.479
8,1792.063
3,1837.565
4,1537.999
6,1847.25
7,1949.623
7,904.614
4,1824.71
7,1974.3020000000001
5,936.381
7,1490.218
10,1567.33
1,763.541
10,1587.182
6,1768.254
10,1905.635
2,2548.862
5,1259.7930000000001
6,1158.649
7,1226.881
3,1747.769
4,1257.5140000000001
3,901.304
10,763.819
1,1044.769
9,1180.6970000000001
10,1503.155
2,2155.802
8,1561.3029999999999
10,1713.382
1,952.641
1,354.376
2,838.932
2,1630.261
1,1605.915
1,1068.562
5,2518.602
2,1160.914
8,609.589
2,1119.331
8,1323.396
8,1636.5900000000001
2,1569.127
6,1365.595
1,841.543
2,1637.27
9,1733.6309999999999
7,1195.573
9,1690.406
7,1842.5610000000001
10,3009.665
9,1311.166
5,967.114
2,2117.14
9,1050.345
4,2213.235
1,1836.028
6,2545.844
4,1444.186
4,1963.74
7,2364.986
7,855.462
7,2436.448
3,1470.724
7,849.228
4,2472.428
10,1317.973
6,1900.917
10,1888.4560000000001
8,2289.662
9,1834.0929999999998
2,1214.94
9,1410.18
5,1017.067
8,668.878
1,1809.714
10,2146.22
2,1262.239
2,951.728
1,928.931
5,714.557
8,686.562
2,1930.8600000000001
8,1565.9769999999999
3,435.89
7,1793.204
3,1236.459
8,2049.508
10,1253.995
2,1194.955
8,450.295
1,2720.592
6,1656.292
5,850.79
3,1916.5259999999998
8,984.518
9,2163.915
5,1680.153
9,1623.583
6,1534.316
5,1043.643
8,1989.136
1,651.855
9,1173.067
3,2194.517
2,2716.764
2,397.773
8,1569.184
5,3031.365
4,979.573
5,1741.4479999999999
2,1016.439
10,1988.7759999999998
2,465.088
4,993.135
1,1110.44
6,377.485
10,582.235
5,1982.27
10,1324.1100000000001
5,468.896
1,1973.288
9,1739.269
6,1158.987
4,2425.989
1,1557.94
9,1131.13
6,1529.65
4,1181.817
7,1130.018
6,224.611
1,2057.808
1,1306.201
8,707.224
6,1886.893
9,1472.651
5,1278.16
10,2642.648
3,1393.25
8,2365.093
7,1790.749
5,905.751
5,1496.055
5,1732.4070000000002
6,1577.324
10,1717.838
8,1055.522
1,1152.1390000000001
10,1844.3899999999999
4,657.574
10,713.686
4,1946.252
8,1685.075
10,1722.641
1,1186.767
7,1616.745
6,1238.327
2,1324.1399999999999
6,2875.031
6,967.853
2,1973.566
2,1722.792
4,1030.28
3,1223.818
9,1401.334
4,981.634
9,668.567
1,1262.306
10,642.76
4,1167.372
5,1121.295
1,814.818
3,1838.346
8,1791.409
3,837.722
5,1884.348
10,2418.716
10,2844.8360000000002
6,2667.875
4,2008.64
5,1782.3609999999999
3,1719.2
9,892.811
8,2224.052
9,2330.502
4,621.503
4,1935.432
8,1747.295
9,1149.135
2,968.009
1,789.075
2,1948.783
5,1463.705
9,1508.8609999999999
3,1012.258
5,1487.242
5,1120.314
3,2172.958
1,1301.804
3,1877.0810000000001
6,1162.218
4,1800.3609999999999
4,1867.3400000000001
6,1152.495
5,1836.054
3,822.039
8,1561.7469999999998
7,1351.31
4,2569.3559999999998
5,1427.348
1,1792.237
10,1093.863
7,1114.755
2,1652.125
4,870.304
10,2097.772
2,1402.185
4,1600.796
10,836.538
10,1756.1979999999999
10,1158.301
8,1139.98
9,1519.196
9,1193.347
8,1757.7649999999999
10,1808.161
8,1778.007
1,2050.568
8,760.846
7,1226.158
6,242.859
8,2103.013
9,1172.041
10,526.625
2,2019.312
5,1030.791
6,1235.588
2,776.467
9,1460.745
9,1178.4279999999999
2,2185.695
7,3018.369
3,1332.645
3,1062.352
3,1123.973
7,1944.9650000000001
8,2053.674
9,1735.059
7,1212.763
2,1785.074
1,723.476
3,2369.83
6,1429.616
3,2223.736
7,2115.222
10,1104.045
9,827.924
4,1956.828
5,1134.655
8,1529.788
10,1259.789
5,1825.188
1,2088.349
8,1285.807
4,1709.608
7,1337.16
1,863.985
7,1907.922
2,1581.65
9,1796.3519999999999
2,1936.243
2,691.2
2,1339.839
8,1678.187
7,767.447
9,2648.308
2,1742.047
1,755.528
5,1863.4479999999999
1,1035.662
9,1438.367
3,2027.693
