4,381.741
6,489.655
4,348.016
1,732.196
8,1371.484
9,1627.219
8,1146.228
2,1619.488
2,2889.18
2,1030.905
6,1497.974
2,2398.938
10,1651.283
3,299.352
10,2172.515
5,1673.522
6,914.624
10,2036.378
3,2048.425
10,1569.367
2,2655.758
10,2272.728
5,2024.572
7,1334.636
5,1512.5700000000002
4,375.787
4,990.055
10,1551.8780000000002
1,674.326
1,1164.817
1,1776.357
8,391.207
4,1649.7930000000001
8,1340.671
4,1084.54
4,1668.661
9,2126.189
4,342.593
10,1787.176
6,2467.604
4,1131.101
9,700.641
3,1758.647
5,1164.409
10,761.129
9,2089.497
9,616.666
1,862.159
9,1521.0439999999999
2,2796.023
3,1295.442
8,1198.144
9,542.6
4,1842.5810000000001
5,647.884
2,1590.759
6,779.987
6,915.361
4,1625.191
3,2037.675
2,1052.539
1,1098.423
9,1514.516
10,1416.6779999999999
7,1109.53
5,2142.328
6,1418.056
4,727.539
6,1187.614
6,1260.465
10,1625.76
9,2954.436
3,2046.359
8,2951.833
7,2650.605
2,1899.339
8,1503.724
1,995.451
2,1170.941
8,705.468
5,2220.579
1,1173.865
10,1633.9099999999999
7,2130.04
4,1575.734
5,1164.162
4,855.063
3,1237.424
8,1174.645
10,643.798
8,878.14
2,855.98
1,1082.001
7,1196.961
5,1496.587
2,599.18
10,2080.429
10,1998.426
4,1886.047
6,2517.91
7,934.303
1,525.122
6,960.212
1,935.206
6,1599.164
9,2114.101
10,1267.101
5,1446.336
4,1946.558
5,648.266
9,2251.612
5,1590.808
4,1314.699
1,1485.711
2,433.167
8,2480.45
1,1507.324
9,1929.2089999999998
7,1609.4679999999998
6,1697.316
4,1250.719
1,767.565
5,927.729
1,1361.614
3,1085.733
3,1345.3519999999999
3,569.043
4,1864.723
7,2330.292
8,2313.96
6,2150.311
7,2115.256
2,1782.851
7,1751.476
4,2062.726
9,1255.894
7,1758.47
5,840.644
7,1114.845
9,1550.855
8,837.579
5,1084.165
7,2421.127
6,154.565
9,934.067
8,1384.91
8,2474.853
4,1936.213
5,1082.765
3,1507.231
5,328.208
6,844.71
2,2080.228
5,1191.063
9,2352.917
7,1824.194
7,1826.55
6,1964.449
2,1706.109
7,514.335
8,1658.042
4,1606.893
2,907.082
1,1260.036
3,1149.047
2,1176.629
2,1934.112
5,1684.604
7,1707.679
8,974.532
2,2189.688
5,1077.423
6,1971.6950000000002
7,1696.519
5,2123.712
2,1076.291
8,947.987
1,1134.915
6,1696.021
5,688.407
7,1211.691
4,911.839
1,1329.113
4,1111.34
1,466.232
2,2226.928
1,880.244
6,783.096
1,1472.85
10,1358.2269999999999
6,1777.6860000000001
7,917.964
7,1250.444
3,622.716
6,729.155
5,1871.196
4,1957.6309999999999
6,1062.675
2,1583.799
3,851.361
10,1377.771
4,767.317
7,1197.904
4,949.575
3,1581.088
10,1106.776
4,1356.588
5,1572.661
7,1180.873
3,2311.217
6,1814.992
8,1546.799
7,1578.31
3,1870.443
9,1044.271
3,872.023
6,1395.795
1,1105.877
10,2148.382
7,1147.875
5,1667.4070000000002
10,431.857
9,1262.47
10,3058.27
5,1824.3809999999999
9,1443.134
4,965.996
10,566.481
8,1757.3
2,682.987
6,457.093
7,1743.979
2,817.183
4,2028.606
8,1148.5529999999999
7,1788.863
2,1146.114
2,1312.443
1,406.842
5,2252.541
3,635.822
9,3030.805
2,2182.006
4,1812.028
5,1372.924
2,1317.496
2,2341.743
6,1553.847
3,604.448
7,1457.8899999999999
8,1037.0
7,1028.66
10,2055.969
9,1519.609
4,1591.051
3,1056.915
2,1857.818
5,1678.71
8,2604.743
10,1117.198
4,1444.162
6,2225.907
5,1905.018
5,697.356
3,1217.29
8,1777.501
10,1083.4180000000001
8,1559.161
8,1677.161
1,1951.388
4,839.978
5,1640.171
6,2161.279
2,1747.988
5,1822.26
7,1743.2350000000001
6,1182.662
3,1445.738
6,1579.4769999999999
4,832.172
9,1217.96
6,1982.821
5,1915.226
4,1404.042
5,1835.016
9,1480.558
1,522.733
8,962.295
1,1739.8690000000001
10,1918.816
1,841.71
3,2437.702
8,1693.3719999999998
5,1222.255
10,1523.2
8,1414.093
5,724.884
5,1355.863
3,2027.889
5,1708.951
6,1911.219
10,2687.052
9,776.469
9,1135.343
2,766.106
10,716.891
10,1111.091
3,1053.922
9,2431.866
8,2144.376
9,1329.353
10,2180.615
7,2077.824
5,1394.112
8,1107.119
3,1138.24
9,908.294
8,1012.116
2,2220.443
3,655.357
2,2285.949
6,2007.332
9,1850.643
5,1358.048
9,1544.31
4,606.924
4,1571.399
9,1811.574
4,2307.355
4,1157.442
7,2224.753
5,1354.5529999999999
10,729.64
9,2455.968
2,1977.586
6,1763.77
8,1067.372
5,1373.806
7,1612.637
7,1627.3609999999999
8,2634.6459999999997
4,1372.692
10,508.568
8,1239.065
8,1311.4279999999999
5,1704.892
5,1589.865
1,1213.148
7,2340.701
3,2384.511
1,1206.1680000000001
3,666.909
3,2173.098
5,1212.029
2,1428.45
4,1411.46
9,873.123
2,1561.5439999999999
2,1696.125
2,726.799
6,1976.85
2,1676.005
1,1425.842
1,1232.761
4,892.542
7,1896.533
10,1623.702
5,1035.165
8,2622.38
8,1273.386
10,1225.167
1,1673.3519999999999
9,1272.475
10,1318.952
2,1319.25
1,1644.0700000000002
1,1479.5140000000001
1,2114.403
9,1914.142
1,1905.1509999999998
2,2558.031
6,2365.963
2,670.173
9,1332.363
4,1532.26
7,2417.235
3,439.727
2,1292.2640000000001
7,1624.571
1,800.138
10,1650.937
4,1293.566
9,816.007
8,2846.098
4,1422.598
6,530.458
9,863.55
10,1216.405
6,1313.129
6,2191.948
10,1806.885
3,1769.27
3,1827.44
2,1773.615
7,1333.011
4,1137.927
9,1979.847
7,2078.004
5,773.185
3,1257.394
5,844.973
3,787.824
8,671.514
1,2087.853
2,2286.074
3,1823.505
9,1854.319
4,283.788
6,1827.013
1,759.142
7,1381.585
6,2751.321
1,500.72
10,622.269
1,735.902
3,1528.867
1,1120.3
8,2025.803
9,1603.529
10,683.382
6,1135.581
2,1321.175
6,2507.227
6,1655.8780000000002
4,1049.835
8,1006.9
3,1332.254
4,2578.014
6,1501.9859999999999
4,2086.962
8,2879.715
6,1296.865
7,1676.7060000000001
3,1059.089
7,694.88
9,2095.598
10,1013.713
6,2138.8360000000002
1,824.528
3,2185.157
2,1363.38
10,1895.763
8,1285.421
8,1619.278
4,1504.17
9,2278.091
8,1145.295
7,456.095
10,526.091
2,1045.999
7,1569.854
1,1033.469
7,873.038
3,1200.863
3,916.452
4,1024.188
6,1533.08
8,1582.1509999999998
9,834.044
7,443.006
4,834.294
3,1741.103
8,1071.19
2,878.563
5,1654.402
8,1824.1219999999998
6,1924.792
1,1399.219
4,603.856
1,1299.575
2,1520.846
5,1955.731
10,1394.895
3,698.578
3,1821.3490000000002
7,1238.682
1,1771.141
4,1349.441
9,1462.766
10,1929.979
2,636.146
9,591.115
9,1151.802
3,1439.934
4,1163.839
9,768.378
8,1171.05
2,2434.217
5,1124.486
6,1627.1779999999999
7,686.14
5,1544.6570000000002
2,1028.556
3,1477.857
7,1572.309
3,1428.717
2,1369.296
8,1075.625
8,574.335
5,453.62
8,552.478
10,2693.815
5,2185.209
4,2510.79
6,2501.802
6,1476.285
9,1728.443
3,687.493
7,741.575
3,125.923
3,1114.278
1,1292.394
9,1343.778
10,1976.847
9,2609.364
6,1872.866
4,823.795
9,2024.379
8,2331.141
2,1836.281
6,2257.529
1,2674.702
5,1330.415
9,2093.688
6,2245.181
9,1268.201
4,1148.814
3,1430.414
6,2183.408
3,2380.002
7,1499.9769999999999
2,1231.267
9,2297.756
7,1433.075
8,1244.172
9,1060.285
5,698.125
8,2003.314
10,2051.264
10,2047.215
8,1493.118
3,617.823
5,1035.96
5,2575.522
1,2953.005
8,2145.673
1,683.866
7,1671.009
1,2594.96
9,2390.119
10,1722.7
10,2652.25
1,2302.435
4,2572.39
6,1005.432
10,2033.187
7,2055.636
6,1878.476
2,1635.3339999999998
8,1550.301
10,1255.905
8,360.53
10,1202.305
3,814.399
7,1336.932
7,1235.138
2,652.437
10,1721.23
10,781.426
10,1947.029
3,1674.4479999999999
7,1090.296
8,2331.955
8,1487.81
7,1044.239
6,2221.363
1,1860.567
2,1641.745
8,1715.286
7,1271.4270000000001
2,1916.4160000000002
4,2109.647
6,856.849
1,1184.528
8,2975.442
4,1775.013
8,2415.138
8,2653.423
8,1478.497
1,1658.223
2,1595.382
8,677.197
8,2042.278
8,967.176
1,587.687
8,759.908
3,2112.741
10,906.098
5,1963.732
5,1297.4189999999999
9,2428.616
8,2406.904
