8,1228.95
2,835.406
4,1002.588
10,1740.368
7,2526.509
1,1265.116
7,1298.121
9,2771.2799999999997
3,1824.386
9,1594.263
10,1524.446
6,1374.549
6,1041.744
9,1866.62
5,2264.124
7,1542.902
4,2850.7039999999997
5,1203.234
4,1781.8139999999999
10,1051.202
7,636.251
5,1426.405
7,653.125
7,728.589
10,1725.987
10,1452.565
8,1140.9850000000001
10,2064.039
9,924.994
3,1353.26
3,1130.867
4,1449.4769999999999
2,2227.874
6,1333.492
2,960.132
7,1462.433
8,2147.613
1,1535.6509999999998
3,1576.938
9,819.662
3,1472.812
1,1317.921
3,1140.799
2,1604.196
3,1254.233
2,741.799
3,671.691
4,916.107
5,1928.789
8,1336.824
2,643.558
6,717.544
2,1437.454
7,676.086
4,1235.219
4,1369.071
4,1218.001
7,1031.438
2,1048.739
6,1331.526
3,1232.598
8,1474.9769999999999
5,2412.76
3,1876.075
7,962.302
5,1634.2
1,2313.813
7,1567.001
5,2169.115
10,1366.158
4,574.675
6,1433.089
8,2349.904
4,609.33
6,2062.708
4,1186.7649999999999
8,705.059
2,2830.27
8,1808.73
5,1272.28
8,814.676
5,2454.944
6,1210.404
1,2440.895
6,1798.092
5,2163.541
1,686.886
6,1923.2150000000001
4,833.251
5,1655.512
7,1988.219
2,1678.7060000000001
10,1734.6860000000001
5,838.906
7,1925.5990000000002
6,2041.015
6,548.757
6,1248.217
4,488.757
1,1798.326
7,713.17
2,1356.804
3,709.991
6,1696.059
2,1193.331
6,754.263
4,1761.5430000000001
10,3665.21
10,1873.562
6,585.485
4,806.902
5,854.333
10,1154.464
8,1532.788
6,1579.1190000000001
2,1220.494
2,1241.646
8,2534.236
1,890.934
2,1025.636
2,944.887
2,840.269
7,1181.1399999999999
9,883.968
2,1014.265
4,1448.035
4,888.037
5,2497.678
6,1722.402
5,1577.205
3,1097.299
5,650.652
5,1386.182
5,1662.7559999999999
5,1127.983
8,64.408
6,471.824
9,1915.328
1,2271.249
2,671.862
4,2335.889
4,1514.0030000000002
5,3634.611
10,754.102
2,893.548
4,1808.691
1,1223.32
8,817.399
1,2450.479
7,2366.962
8,658.422
7,2204.127
3,1168.484
3,878.404
10,2057.432
1,373.027
2,1566.279
2,1469.318
1,857.634
8,1479.193
7,2393.813
3,1593.981
4,842.204
7,1544.373
7,1056.529
2,1705.623
9,2217.444
3,1866.164
10,1353.241
3,715.767
10,2340.984
4,2184.068
4,1358.468
1,1641.772
3,1989.278
2,1614.432
10,1645.911
4,1518.979
2,1260.366
4,872.201
2,376.605
8,1890.6570000000002
2,1204.854
5,1918.56
1,890.226
6,2405.165
6,978.106
10,968.444
3,1636.225
3,1074.539
1,727.024
4,1236.465
6,831.485
9,2005.757
5,786.536
2,1086.975
7,2777.101
8,2034.243
8,1518.873
9,1339.8029999999999
7,1510.519
1,1499.495
5,1991.056
3,721.373
2,1498.0720000000001
10,870.779
1,1479.77
5,711.144
4,1499.849
1,1502.623
5,545.286
6,295.45
4,1341.071
2,1566.982
8,2253.726
10,1796.906
10,2136.903
4,1087.755
8,1545.223
7,2575.803
9,1738.346
3,1768.842
7,970.662
1,1629.85
9,1937.656
4,1054.337
7,783.929
1,2072.267
5,2209.129
8,1026.467
4,1831.857
3,2069.61
4,1699.5230000000001
10,2400.074
6,2040.496
9,2520.255
3,1326.6770000000001
2,923.603
7,515.456
4,1023.136
4,1562.353
5,670.049
7,2582.366
4,1360.696
6,715.079
6,1146.551
8,897.517
3,1530.529
1,1362.017
7,1799.138
10,1605.0140000000001
9,1181.998
5,2169.958
10,2086.066
10,2262.933
9,1173.958
9,410.134
10,910.863
10,2629.218
4,1967.9479999999999
2,951.116
4,1486.953
1,2173.827
10,1733.692
2,1525.2269999999999
4,1704.333
1,1173.592
6,1229.628
2,1619.4160000000002
10,1233.9
6,1820.924
10,1592.462
8,1866.719
9,1429.324
10,1537.471
1,2168.641
6,1830.0259999999998
10,2662.598
3,1634.353
3,1571.722
5,1321.884
9,1201.381
4,1774.027
3,1743.386
9,1052.433
3,2140.335
2,1206.637
9,1333.52
9,2630.025
1,1346.67
6,1102.414
10,1789.315
3,889.305
5,1189.85
1,2159.527
3,1889.205
8,2138.83
9,1877.4740000000002
5,2082.358
6,1819.952
4,1212.355
1,1434.675
7,1256.3899999999999
10,990.378
4,919.172
7,2063.5
10,1106.411
7,2464.61
3,1461.913
3,835.093
1,1700.6019999999999
10,268.419
7,505.572
7,1542.0639999999999
7,2390.883
5,1187.363
4,2713.962
8,1421.4769999999999
2,1550.85
5,420.556
7,1740.2649999999999
2,1359.621
10,2369.549
8,1123.649
2,1315.118
9,1173.5430000000001
2,1316.578
8,2050.264
3,1389.266
5,703.221
10,1421.459
7,1690.3429999999998
5,1642.1950000000002
8,1081.077
1,1818.714
1,1565.1660000000002
1,1061.501
6,1018.426
7,1862.0929999999998
2,1189.944
10,1193.804
10,797.767
5,1106.015
4,1452.5720000000001
10,1070.044
4,801.317
10,1504.059
5,885.004
7,1117.768
1,2037.14
6,1153.096
5,1458.739
9,2288.087
3,1654.993
4,840.694
8,2145.717
2,1402.56
6,1348.29
7,2077.575
3,1013.752
5,1744.479
4,1677.078
4,2440.085
2,1648.337
5,2096.08
9,1051.743
3,1552.9569999999999
7,1576.449
4,1873.835
3,3413.194
4,769.57
8,1321.601
8,1810.946
6,1719.493
5,1187.844
5,2087.636
7,1449.497
3,1239.59
2,2515.6459999999997
2,1142.124
8,2034.81
8,1209.605
3,1243.837
2,1383.153
1,1146.94
9,1097.737
8,978.245
6,1358.474
3,1728.638
6,1286.7930000000001
5,2900.099
4,1540.806
9,1909.594
10,2347.053
2,815.252
1,885.745
4,2356.294
10,1100.032
7,866.769
1,1694.392
6,989.304
1,2154.418
1,1199.27
7,1496.577
10,738.883
1,1438.615
2,1331.549
6,1816.2759999999998
8,237.665
10,1119.103
1,1802.355
6,452.697
10,995.254
3,1459.5430000000001
9,1881.501
10,1734.828
10,2924.31
10,1420.529
8,2444.295
5,1575.856
10,2096.33
7,1477.694
7,1673.451
3,2569.275
5,1442.516
9,3091.931
5,2635.465
4,1632.4850000000001
4,1249.478
2,1687.866
10,698.821
3,1566.964
10,1243.254
4,898.695
3,2280.924
7,1637.309
10,862.629
10,1809.52
2,1907.891
7,1122.786
2,1775.262
1,2279.969
6,2428.52
2,1725.812
7,1346.026
1,1484.981
6,998.752
4,1593.9589999999998
1,1441.405
10,739.148
9,1418.8519999999999
2,1483.685
7,805.018
8,1058.344
8,1276.029
1,1068.592
5,1871.635
10,643.974
4,1144.298
8,2322.719
1,873.729
8,1319.344
9,853.972
7,979.507
7,1188.92
7,809.087
3,2719.925
8,1985.738
8,2300.435
6,1299.262
5,980.87
5,1623.185
1,1368.812
1,1389.873
10,1058.069
7,1693.8780000000002
1,1411.066
10,758.765
3,1361.885
8,1494.029
9,1166.888
6,2114.502
4,1574.683
9,2501.587
2,1497.788
8,789.737
9,827.345
1,1524.405
3,958.847
4,1509.618
7,1866.8229999999999
6,618.642
7,1180.171
4,2909.63
10,2299.772
3,1597.819
8,2835.767
7,930.808
10,2008.453
5,1887.452
10,1422.1480000000001
9,2932.825
6,1318.589
2,1842.4009999999998
1,1762.858
2,2284.103
8,1639.6309999999999
4,1720.057
10,1979.733
9,671.376
4,2765.119
3,1231.301
1,1162.136
5,959.393
7,1653.431
9,538.039
4,1093.805
1,2041.235
2,1298.312
2,1114.137
10,2559.36
6,2371.551
1,1737.491
9,1537.838
2,667.455
5,601.971
6,1428.674
2,2111.1
9,1877.147
4,1834.377
6,643.379
6,1080.659
2,792.232
2,2617.227
4,1473.32
2,1810.461
5,933.832
8,1002.011
3,2103.332
4,1296.683
4,1035.214
6,1677.255
4,3103.343
4,1156.534
9,2357.687
3,1304.9470000000001
5,816.844
1,2434.388
10,1903.063
3,1343.4279999999999
3,1141.145
1,1694.758
8,2509.261
2,823.561
10,1675.205
1,567.975
5,1205.998
3,1068.659
4,2659.8379999999997
10,1069.757
3,1699.522
6,975.437
2,810.048
3,1244.977
3,1380.609
4,2057.727
5,1671.4740000000002
2,1256.2269999999999
2,1110.741
1,1755.5720000000001
2,1503.421
10,814.522
7,1066.658
5,1801.865
5,1465.703
5,2218.319
7,684.474
8,918.297
8,2168.719
2,746.082
6,821.565
7,1169.6779999999999
8,623.72
6,2170.826
6,993.245
1,2059.03
4,1984.563
2,2047.703
2,637.715
7,1597.769
4,2517.665
4,1412.675
6,1352.674
10,1305.805
5,1492.6779999999999
7,1268.661
5,1861.705
