3,621.538
1,297.693
7,347.057
6,1173.73
1,862.67
7,1789.944
9,787.143
8,1325.533
7,2072.581
4,2273.383
4,1400.7069999999999
6,976.517
1,1619.663
2,2091.862
4,1947.7060000000001
7,1252.971
8,2379.497
7,1454.963
3,1808.661
6,2104.818
1,2598.023
7,2375.728
3,1716.774
8,666.138
10,1236.717
4,1185.968
3,2282.935
9,834.318
3,738.612
6,1689.211
9,1485.922
2,1248.55
7,1709.384
7,2731.314
5,1679.109
7,1894.0729999999999
1,2045.181
10,644.967
10,1201.285
9,1328.673
7,785.504
4,1925.0149999999999
4,1420.963
9,2257.633
10,1185.787
7,1009.782
3,1821.47
2,876.475
1,907.264
5,2429.819
5,1148.134
4,1199.525
5,2337.518
3,623.423
10,1198.125
6,1065.439
2,757.33
8,866.502
2,924.999
2,1437.942
10,813.005
5,1905.391
9,1646.792
4,2091.3940000000002
5,1068.526
10,526.307
10,1513.708
10,1551.664
8,1441.301
5,2384.09
7,2221.968
10,558.086
3,2716.299
10,1618.208
4,1583.3339999999998
3,2555.684
7,1451.078
7,904.525
10,536.363
6,967.71
7,2615.9790000000003
6,2284.6639999999998
1,1947.538
6,660.579
9,1260.2269999999999
9,1432.121
2,1209.288
9,1187.925
4,672.45
6,2268.332
2,899.601
10,699.698
8,706.443
4,1025.074
10,1906.037
2,1220.065
2,2114.444
8,1795.2939999999999
5,1734.616
6,2274.371
2,1784.81
1,744.202
9,1224.3890000000001
7,289.877
4,763.941
7,859.785
10,2026.533
10,1683.441
2,1331.0059999999999
7,2796.634
2,1714.742
7,907.281
9,958.099
1,1745.8229999999999
8,2231.554
5,1732.4560000000001
6,1208.858
7,2674.513
2,990.311
1,935.731
6,2313.488
7,1259.353
9,733.544
1,671.701
8,1696.3890000000001
7,2551.58
5,2380.5
2,1407.647
10,1385.229
4,650.356
5,1232.089
7,1970.9180000000001
5,727.518
1,1759.921
4,1538.886
7,1111.611
6,683.15
2,844.476
6,1836.4009999999998
4,45.04
10,1134.98
5,1005.081
6,1868.392
3,2249.863
5,1694.964
6,1406.252
2,823.231
7,237.342
3,3315.811
8,665.538
7,2020.5
1,1393.4479999999999
1,1368.161
5,1883.462
2,2491.203
5,1836.404
1,1171.152
2,1074.728
8,1560.214
6,1363.7930000000001
4,622.838
7,1538.354
5,1365.442
4,1085.308
4,1921.6109999999999
10,1950.415
9,2003.251
3,1569.225
2,1589.9470000000001
9,1072.378
10,2342.951
2,1306.038
8,1436.047
2,1778.3200000000002
3,1644.761
7,2468.389
3,1471.368
6,1598.591
2,1674.138
3,1565.1799999999998
9,2418.466
7,1883.597
2,1466.982
5,1198.0
3,1447.754
8,377.501
4,879.641
7,1474.079
5,497.213
2,992.852
5,2050.299
9,892.941
10,962.994
7,1060.728
6,612.769
4,1567.9360000000001
8,1336.077
10,2432.357
10,1325.454
2,1793.429
9,1149.8600000000001
2,1338.705
3,2155.024
10,1291.004
2,1321.249
2,947.894
2,1135.969
6,1701.319
8,1225.278
7,2362.794
10,1716.665
9,1312.893
7,1730.634
4,1725.172
6,1662.011
4,681.868
6,2118.279
5,1322.7649999999999
2,1879.469
6,2096.518
5,2724.0190000000002
3,2780.1040000000003
9,2878.562
6,894.654
8,2679.31
7,1973.121
7,929.678
6,683.788
5,1325.973
3,585.321
9,1959.85
9,1215.836
2,1105.547
1,2057.886
10,1281.878
8,1103.113
6,3018.849
6,1611.879
9,1883.949
4,1016.696
6,1803.101
2,1084.986
2,2221.287
10,1861.8310000000001
8,1158.443
7,2511.081
5,1441.29
1,928.924
1,2109.069
1,2414.034
8,441.064
10,2339.872
7,1791.79
3,2662.4210000000003
7,1615.6100000000001
7,2166.261
8,737.022
3,2569.51
5,1031.347
1,2129.052
1,1058.066
6,1783.266
7,1145.435
7,2142.43
8,1111.595
2,1156.046
7,2143.223
3,811.525
7,1697.4070000000002
3,1306.5819999999999
8,1665.556
7,1495.705
9,1917.859
10,1850.876
8,1317.755
5,1334.135
1,1383.995
4,2138.686
6,951.596
2,1405.667
10,992.046
4,1253.273
7,2256.642
7,1877.063
4,1258.34
1,650.784
8,1854.395
10,1216.225
7,1294.266
3,1159.364
8,2081.531
7,1106.023
4,617.884
1,1311.559
2,1268.6770000000001
6,1473.297
9,681.518
5,1175.41
7,1134.44
8,745.134
1,1121.898
9,2265.149
2,1154.174
6,2441.983
1,2149.291
6,1878.4279999999999
5,928.108
5,1311.7
2,1227.643
1,1246.099
7,2452.4030000000002
8,196.74
1,2466.787
7,1945.69
9,2910.496
6,2004.548
9,1757.2930000000001
5,898.668
8,1108.461
8,1112.253
6,1020.243
9,1976.7649999999999
10,829.064
9,972.087
8,2276.048
1,1488.912
7,3391.583
2,1634.029
1,1475.499
8,2155.845
9,606.443
2,1541.498
5,1632.357
4,1910.211
6,1082.986
8,1548.932
10,711.937
3,1314.108
8,2209.947
2,568.334
9,1713.652
10,1486.199
6,2614.379
4,1784.065
10,1335.019
5,1773.944
7,1873.379
9,1546.784
2,2049.54
1,1536.863
9,1301.1779999999999
8,995.262
7,1405.8519999999999
4,2525.563
7,767.911
5,533.241
5,1111.617
3,2237.34
4,658.933
6,968.801
9,1546.533
10,1498.7350000000001
3,1474.098
10,889.74
2,1793.2469999999998
1,658.938
2,901.751
4,1916.542
9,960.388
9,898.831
6,1718.308
2,987.041
4,849.849
4,2067.281
3,1708.0720000000001
2,1790.194
9,3243.701
1,1046.835
6,2408.358
3,1172.101
9,1777.784
10,886.954
3,1248.376
5,647.08
6,1392.708
9,1140.726
9,2459.705
9,1292.539
8,1195.219
1,1178.962
4,515.538
10,602.668
1,1788.8229999999999
6,223.725
8,1262.037
6,812.722
9,1236.825
9,2009.43
4,1354.558
6,2676.717
1,2551.02
5,1186.724
9,1606.9850000000001
8,682.317
6,1616.348
3,256.416
4,1254.554
3,1338.806
4,1677.797
7,1418.153
1,1764.7759999999998
10,1637.296
8,1684.336
3,2154.746
3,1491.96
9,1398.416
5,1608.738
8,1280.965
6,1993.296
10,1607.558
9,841.778
7,1605.424
3,1532.071
2,1449.002
8,1541.057
9,2256.607
7,1695.277
2,1658.999
1,2234.944
3,1402.484
1,1084.53
9,2083.348
6,2075.186
10,1335.541
5,1989.6100000000001
7,2111.045
3,1000.321
8,1057.43
6,1679.1860000000001
4,1020.97
5,1778.851
2,2544.098
6,1022.675
7,957.37
8,1005.71
3,215.255
10,478.816
2,2230.972
10,1199.656
8,1859.8
10,2341.176
3,948.597
3,1059.087
5,872.862
3,2067.699
8,647.436
1,2059.036
2,1596.142
2,2005.839
5,1976.742
3,1129.003
10,1939.687
10,2866.708
4,1272.5230000000001
8,2036.015
6,513.083
10,2154.6440000000002
9,2346.564
7,1681.937
5,1434.511
9,2399.74
5,1184.521
9,1857.063
5,1791.217
8,1302.937
9,2014.019
10,1453.828
10,2032.17
3,1417.055
4,1478.107
8,2150.441
10,2525.633
9,1596.652
6,1129.177
1,963.841
10,987.415
1,1025.478
2,1168.048
2,1122.702
4,657.694
3,866.548
6,1330.571
3,1800.78
3,796.708
5,2262.853
10,1683.6390000000001
5,1519.528
1,1304.489
1,1988.615
4,1204.411
1,919.68
5,1703.4859999999999
2,2117.365
7,848.432
4,1228.528
2,463.275
9,352.502
2,610.308
1,349.293
9,1230.26
8,1212.334
1,974.55
7,583.955
5,1985.616
1,2458.594
6,1199.97
6,1948.5059999999999
4,1853.767
7,967.026
1,1899.251
1,2206.036
4,862.678
7,2317.615
10,1175.673
4,3002.747
5,1514.121
3,2201.292
6,1264.283
5,1610.226
10,542.131
9,1322.667
8,1793.009
3,1041.149
2,923.259
3,1564.443
2,2355.522
3,1055.054
1,1364.733
8,874.729
6,1832.763
9,1051.041
10,2428.449
7,1069.204
5,897.926
1,2247.907
1,2593.451
10,1041.687
3,1902.601
7,1572.0610000000001
1,1553.057
1,980.682
5,1560.991
6,1513.575
5,1374.5140000000001
5,819.818
4,2156.9610000000002
5,2136.953
5,1089.756
6,1023.233
5,2462.442
7,1974.22
4,1585.0030000000002
6,2144.097
2,1025.595
8,490.671
3,1022.408
3,1048.806
4,1248.8319999999999
9,752.306
2,1265.981
1,2698.445
3,1274.808
9,849.823
9,2426.609
2,1253.963
7,1037.462
4,2408.408
4,1804.489
5,2914.17
5,1844.601
3,886.695
9,736.934
10,1850.396
9,1153.955
5,1911.4009999999998
5,817.752
3,2907.1040000000003
10,1580.059
10,1449.964
7,1865.7939999999999
5,1367.652
4,2053.763
10,1964.85
9,1790.961
8,2006.055
3,640.631
2,859.198
6,2265.835
1,1385.616
2,2165.815
7,1562.827
8,1003.017
10,1984.0149999999999
4,1452.068
7,1508.7649999999999
