9,571.861
10,259.456
2,505.552
9,1496.091
1,1988.979
4,1341.531
4,1150.5819999999999
1,1044.011
1,598.872
4,2070.89
5,1598.1190000000001
10,1302.993
2,1127.39
9,2844.573
4,1737.884
4,908.496
10,1791.3899999999999
2,1583.318
2,1608.662
7,2110.361
5,2744.007
6,1752.409
6,1104.94
8,1451.2930000000001
7,1922.629
1,1402.276
7,1286.039
6,1718.7
7,951.093
2,1053.967
9,1085.607
10,1803.144
7,1189.688
2,1547.4740000000002
6,731.417
4,1591.129
9,1977.5549999999998
8,2121.109
1,1680.202
1,2559.911
3,1658.644
7,1516.393
5,1708.598
9,1415.453
8,604.007
3,1837.9470000000001
2,2336.719
1,2339.993
10,1537.2530000000002
4,1912.374
10,1241.242
4,1887.284
4,1574.536
2,677.926
7,1593.229
9,1600.469
8,688.096
1,716.859
7,1195.825
8,2412.093
7,2554.56
9,1613.219
5,1211.748
8,1581.107
3,1139.912
9,2301.503
10,964.15
5,860.798
7,639.419
6,1934.365
3,981.274
4,1493.13
5,1514.728
6,1089.065
6,761.16
1,724.313
2,1542.884
2,986.519
1,2139.963
1,1673.951
9,1797.116
3,888.015
3,2594.0389999999998
2,988.408
2,1224.341
1,1394.659
9,1246.309
7,969.617
6,1816.914
3,636.18
3,1162.398
5,2350.594
10,1094.422
3,2010.072
9,1276.922
6,1536.601
9,474.738
3,365.027
10,2111.023
5,1101.535
5,912.18
7,994.083
8,2228.567
7,1819.4740000000002
2,986.722
7,1174.399
9,1823.271
1,2462.872
5,942.134
3,914.048
7,1729.7849999999999
5,450.094
3,890.083
8,1466.804
3,1880.495
1,1078.986
4,1271.936
10,2792.535
4,1373.7649999999999
6,1004.415
4,849.173
8,999.279
1,1570.864
3,1267.346
6,1663.547
1,1182.215
4,1503.039
1,1241.636
9,452.407
8,822.693
2,2033.517
8,1694.563
9,1713.521
4,1594.2
10,715.413
7,1492.5810000000001
1,1145.631
3,2239.475
3,48.756
6,45.887
10,831.9
10,901.69
3,1810.114
2,1537.0729999999999
5,2120.08
1,490.194
9,916.536
4,2983.763
8,861.904
1,1315.133
1,1259.641
4,1565.4650000000001
7,1186.941
5,1408.113
9,2163.611
5,1063.524
5,958.694
10,789.568
3,994.914
10,1487.9850000000001
7,1586.453
5,1290.464
9,891.894
2,956.102
3,1207.9850000000001
1,715.798
4,2411.279
10,2163.367
3,1335.616
7,1533.199
4,1076.205
7,1278.378
3,1704.4389999999999
5,1356.173
5,1953.6109999999999
4,1244.731
5,1647.0520000000001
4,2179.139
10,969.172
6,1379.48
2,1390.541
4,1960.929
4,1101.984
7,1434.943
3,1251.784
9,974.702
10,2129.127
7,1771.5140000000001
10,1031.614
6,1044.564
1,2036.18
7,1407.991
3,999.495
3,2105.431
7,1006.957
9,872.787
7,1512.996
2,1404.117
5,2336.438
5,1799.047
4,849.776
8,2297.532
10,1340.774
2,1225.524
10,806.516
5,1572.816
6,2292.5299999999997
8,1532.566
4,836.85
4,1615.9009999999998
1,834.524
9,1717.868
5,1008.528
9,1268.395
3,1248.479
4,764.377
3,1087.73
2,1112.483
9,1466.341
7,1258.6779999999999
9,1857.3809999999999
1,2232.82
1,800.126
7,2495.295
5,646.251
5,1042.661
1,1287.511
9,1853.492
4,1443.8600000000001
1,1959.454
2,1813.278
5,1119.0529999999999
5,897.897
10,947.266
2,1436.472
8,1535.6950000000002
2,2221.813
2,970.034
8,813.215
3,2471.425
6,2474.74
9,1426.186
9,1507.863
7,3399.661
5,690.933
4,2203.971
6,1968.7240000000002
5,1916.912
6,1004.849
7,1451.616
5,1183.669
5,3088.317
8,1576.7939999999999
2,2465.422
10,1601.248
4,1118.03
10,1326.02
6,1603.527
9,1661.088
2,780.099
9,1584.012
5,1809.338
6,1323.63
10,2164.526
4,1944.376
8,1679.519
1,988.314
1,1021.766
3,1424.298
5,2481.552
9,328.989
3,1029.109
9,1430.353
5,2002.139
2,2130.541
2,692.622
1,2821.529
3,1279.859
6,2217.11
8,1610.513
9,1583.183
9,1093.828
9,1119.231
4,1309.547
9,1607.4279999999999
10,1726.0140000000001
4,770.888
4,1521.057
8,862.82
3,2190.544
4,749.204
2,2446.219
6,1171.215
5,2079.272
9,1790.229
3,1003.949
1,1108.037
2,1145.011
3,1450.68
1,2997.948
10,2099.864
1,895.673
7,761.79
1,785.26
10,1094.92
5,1467.85
7,1348.561
9,779.37
5,1451.979
7,1898.357
9,1770.329
7,2143.996
9,1854.693
4,1584.963
9,1941.333
3,611.174
6,891.581
10,1222.854
4,1626.978
6,489.124
1,2233.038
1,1826.313
3,1282.13
1,942.082
6,1350.1779999999999
7,1356.375
10,1990.613
6,1665.1280000000002
1,2317.008
2,996.753
10,1661.115
6,2109.083
1,2726.364
2,1543.409
2,811.102
7,2337.842
9,1484.965
5,1418.286
1,1174.73
1,724.09
1,1258.905
4,1527.238
3,1200.5149999999999
9,2505.134
5,1732.086
7,2285.375
2,957.057
4,1618.9940000000001
9,1268.162
8,1610.655
6,1708.001
3,2414.712
1,732.989
5,1935.079
10,2082.227
3,996.823
5,1793.603
4,1597.788
6,1327.468
2,1266.1979999999999
1,804.558
4,1605.35
7,889.024
4,1232.571
3,697.235
3,2377.343
6,1891.4189999999999
1,1822.3319999999999
9,1249.058
2,691.946
5,806.39
6,1519.163
9,1413.718
10,1308.938
8,1962.113
2,1718.859
1,2299.889
4,1015.584
10,1410.346
7,920.623
2,2115.597
4,2732.441
2,638.682
5,492.267
6,2061.633
6,2718.161
9,714.024
1,1108.575
7,729.291
1,1830.6950000000002
10,1919.382
6,1775.9279999999999
9,892.687
9,1266.152
1,1412.92
4,643.72
9,1370.7
5,1758.0320000000002
4,1859.3220000000001
7,1909.865
1,1713.76
9,1127.075
2,1113.756
10,1765.432
4,1607.3719999999998
8,857.658
2,1536.27
8,1505.974
4,761.843
4,2162.781
5,1841.435
4,1735.461
1,1005.628
3,2167.15
5,1333.923
10,1801.746
9,1473.853
10,1930.239
3,1101.243
10,2157.416
8,1778.8899999999999
5,843.858
3,792.605
1,964.984
7,934.265
4,2081.646
3,1371.3310000000001
7,1364.408
10,2067.09
8,1339.237
5,2240.686
10,1079.36
6,1902.914
10,2062.666
8,765.473
3,1158.289
4,1107.982
8,993.412
9,1505.5520000000001
4,2106.379
1,1385.934
2,2069.04
4,1045.695
7,1148.62
5,938.147
2,2042.051
7,1048.107
10,1116.085
4,876.731
4,947.874
6,738.351
9,1610.358
8,2341.348
7,1431.284
6,1337.972
8,1232.475
3,2395.574
9,2245.74
3,1009.13
6,1160.535
4,958.01
5,414.988
7,1090.0430000000001
3,1872.233
9,2053.012
7,1711.362
2,1419.863
10,531.495
5,2361.948
8,2055.75
1,1781.559
7,1192.19
5,1084.212
2,708.801
4,1420.1689999999999
6,1242.984
9,1424.658
1,860.126
3,1975.7150000000001
6,1978.516
2,1044.034
1,1283.923
8,1198.065
3,1947.797
7,1857.296
7,1426.75
10,1370.422
2,1903.594
8,1100.513
6,824.89
4,1182.633
3,1008.907
7,1110.835
8,1725.105
6,1406.2649999999999
3,1417.6979999999999
5,1408.958
3,959.8
4,1224.838
8,2663.69
2,1243.885
8,1190.868
2,1411.109
7,1170.7350000000001
4,2463.811
9,1845.012
9,961.405
1,1089.7930000000001
7,233.482
10,1324.804
5,1200.899
1,1432.3690000000001
5,842.476
9,2169.628
3,1871.278
10,1747.4769999999999
5,2226.808
1,1424.421
10,1061.956
8,1209.163
6,2345.658
1,1582.165
7,1835.815
9,1759.159
3,918.615
2,1691.296
4,1417.642
7,1302.98
4,1792.4560000000001
6,2623.745
6,485.571
5,1643.1799999999998
9,2793.9120000000003
6,1771.376
6,979.012
7,2210.704
7,634.287
4,686.209
8,778.262
5,1301.592
8,1172.201
3,1466.842
7,2171.851
7,1118.874
5,818.573
5,881.298
9,1643.603
9,646.26
6,1383.9560000000001
3,2117.617
2,1358.338
10,908.781
4,757.843
4,1637.408
3,1371.9189999999999
10,2997.074
9,2609.667
2,1664.066
6,327.675
3,1810.7530000000002
4,2322.0969999999998
3,1907.809
10,2339.142
1,2122.814
4,1177.722
1,982.406
6,1379.608
5,1168.851
5,2223.149
10,899.473
5,1677.973
7,1384.688
1,2545.32
4,1690.534
6,1159.449
4,650.412
1,1717.217
9,2137.762
7,1410.565
10,1253.334
2,1390.4180000000001
1,1283.97
6,1241.6
5,1458.535
2,1347.8319999999999
3,1238.675
8,2399.645
4,833.382
9,2405.365
8,1215.096
9,1698.858
2,1057.713
7,1263.3319999999999
3,1506.18
9,1401.723
10,1072.685
5,611.387
3,310.005
10,1935.4299999999998
9,1692.113
4,1148.203
5,1685.8139999999999
6,1564.961
2,1957.588
6,1474.858
2,2208.871
3,1218.491
4,832.372
10,884.06
3,2801.3289999999997
1,2679.7690000000002
8,1960.2440000000001
1,1269.068
8,2353.363
8,1846.228
