4,518.195
9,1056.576
10,1018.01
6,1410.6
8,1511.583
10,275.783
5,1093.917
8,1259.191
2,2170.11
10,1898.5929999999998
10,2857.742
1,1073.8319999999999
2,1880.8780000000002
1,1324.999
8,1777.529
7,1279.315
5,1465.421
9,1552.411
1,1783.1889999999999
4,1904.9569999999999
10,2121.864
3,819.633
7,1528.267
10,930.941
4,1879.162
1,2136.463
1,1620.289
10,1754.6399999999999
10,1642.12
8,1949.748
7,2429.628
8,3111.245
9,1350.01
10,1880.307
2,2051.245
5,1592.9769999999999
7,1490.989
8,1232.479
5,1379.982
1,1476.612
2,1931.938
8,2264.456
1,2038.319
3,2237.746
4,480.306
7,1592.625
8,1168.125
1,920.574
7,764.375
7,1441.57
4,2557.02
5,2013.943
10,877.282
9,1943.874
5,1689.438
2,1131.537
2,2481.328
10,2165.0190000000002
9,895.264
9,811.236
4,1326.819
1,1691.8400000000001
7,1285.372
1,1227.809
5,1315.733
10,1098.382
4,2384.11
8,2968.1040000000003
3,2017.11
8,2176.689
4,1973.5140000000001
10,2594.587
4,994.335
5,1658.539
5,1265.1779999999999
2,2294.4030000000002
10,920.954
2,1372.598
8,1339.614
2,1310.311
7,985.207
6,2373.776
6,842.923
3,1370.309
4,1377.115
1,1102.396
6,1563.105
5,1382.263
1,1627.27
6,1863.5259999999998
5,1317.1689999999999
9,1774.426
2,2134.713
10,1806.836
4,611.976
5,2258.328
7,1406.066
5,1587.527
10,2029.471
9,1313.08
2,1281.682
10,1229.211
4,2374.219
5,2044.868
7,2477.892
9,1302.022
5,1619.408
8,1675.03
3,1588.1779999999999
6,2463.15
3,958.974
3,1036.253
2,877.093
7,1386.8029999999999
5,1075.478
6,1391.216
10,1889.529
8,1132.7069999999999
2,882.948
2,1855.2179999999998
9,2251.755
7,1426.768
7,1837.5410000000002
3,1432.972
5,2938.584
1,1449.246
5,1196.692
10,2618.456
5,1631.761
8,367.138
8,814.416
10,1099.274
2,748.874
6,3509.177
9,1315.8319999999999
8,2258.985
9,1158.7640000000001
3,1064.992
10,991.403
4,1317.564
3,2225.753
5,1869.742
9,1979.422
5,1242.658
3,720.436
8,1447.3809999999999
7,1243.862
8,1403.497
4,1437.683
8,1834.645
9,2269.646
7,971.307
6,1773.05
1,872.705
9,1686.586
5,1461.155
6,1545.973
4,1243.578
6,1497.695
2,1571.935
6,1176.411
2,1628.069
9,1380.642
7,457.968
9,1543.0720000000001
7,1958.493
8,2413.5190000000002
5,1385.868
6,1673.267
3,1683.792
1,1491.592
7,1275.4279999999999
8,953.757
6,827.844
8,1088.815
2,1386.084
5,682.932
1,975.121
1,789.717
6,1842.28
9,2535.98
5,696.001
10,711.396
2,1754.196
4,1075.364
4,993.807
1,810.488
10,1487.024
1,1582.737
2,991.38
8,1486.26
2,909.319
7,1824.9650000000001
6,1404.778
8,1957.25
10,2810.035
5,1903.693
10,1194.377
6,1277.873
1,973.978
8,811.3
10,1602.702
10,893.344
1,282.395
6,1785.487
9,303.572
8,1154.664
10,1043.409
5,2214.08
5,1717.663
9,1314.326
9,1265.913
4,1500.866
8,2514.694
2,2092.147
4,1302.772
9,603.488
6,1082.76
6,1700.251
4,1518.28
1,727.337
3,710.806
5,2273.202
6,1579.33
10,2743.827
8,1975.4450000000002
4,1199.461
9,1692.2820000000002
1,1465.346
10,1482.888
2,1676.762
10,2014.343
10,1432.066
4,2658.94
7,1500.518
1,1851.877
10,804.241
2,1981.0320000000002
5,1553.537
5,1268.887
1,923.01
7,1935.017
3,1872.8809999999999
1,1495.001
5,1210.934
10,798.499
8,2015.504
7,2010.164
6,1860.238
2,1912.77
1,486.209
5,468.541
3,1360.6770000000001
9,1776.9560000000001
3,882.112
3,1025.153
7,1370.215
1,1043.633
10,1847.255
5,2166.0389999999998
9,1990.946
6,1566.7640000000001
4,1530.951
6,3165.252
6,1973.262
6,736.31
5,2162.148
9,1045.581
6,1648.7469999999998
8,1398.681
5,1887.24
10,757.459
5,1732.017
4,850.291
5,1103.587
6,1520.288
6,2303.93
10,1331.355
7,731.435
5,1025.669
9,1794.751
9,1900.254
8,1662.313
7,986.442
7,1277.9850000000001
1,2688.422
1,1359.343
1,1422.087
2,833.143
8,2007.601
2,1496.165
5,1053.25
6,876.014
4,846.116
1,1440.154
10,1996.9859999999999
4,1238.393
3,1969.04
7,1692.297
3,2569.071
5,1615.5810000000001
8,2363.505
6,1151.275
6,1057.951
4,1499.859
2,1122.396
1,2700.991
2,1387.278
7,1602.617
2,1492.408
2,2071.226
1,1588.9279999999999
9,1890.712
1,1630.1799999999998
6,647.428
5,2711.74
9,1348.6770000000001
4,2030.782
7,2178.959
7,1462.752
4,1191.174
9,718.467
1,1798.165
6,1097.0720000000001
3,955.273
10,1318.23
5,1613.63
4,1417.1109999999999
5,2131.6059999999998
4,782.874
5,705.951
5,2272.751
6,1478.73
2,1038.445
2,1879.275
7,1766.159
9,2076.038
2,839.258
7,2141.609
1,1501.048
8,1507.497
2,1813.098
10,1983.103
6,2321.937
1,1266.74
7,2246.305
5,763.887
2,1207.294
4,1352.616
2,1789.289
10,2082.791
1,1475.349
10,1123.796
10,613.449
4,1097.051
1,1132.076
8,1394.667
3,1400.0
5,399.3
7,1944.943
10,1849.4389999999999
8,2009.855
3,2211.645
9,2119.746
9,1982.886
5,1338.222
8,1480.087
1,427.465
5,1607.728
3,1633.508
5,671.149
2,1151.333
4,1675.589
6,741.68
4,1209.427
3,1821.778
1,2184.925
1,1957.355
5,1607.96
1,2000.946
3,2867.29
1,2098.306
1,86.842
8,595.331
2,2217.774
1,962.262
7,1318.3899999999999
3,2443.027
3,910.973
4,1893.229
7,2360.0860000000002
5,1492.449
10,884.845
4,841.488
4,1551.443
8,726.054
6,1791.339
10,1348.909
5,1700.8310000000001
4,1428.0059999999999
10,1756.074
4,444.638
8,571.494
8,2683.81
10,1831.1599999999999
7,1718.763
8,1221.405
4,1834.4389999999999
7,3191.411
2,517.001
5,1672.851
5,1548.379
7,1007.38
7,2336.632
5,1878.659
7,839.257
9,1110.791
7,1162.42
6,3184.029
3,2096.471
8,1706.696
5,711.259
3,1980.395
7,1603.048
4,2567.532
5,1131.7350000000001
9,1839.176
5,1537.028
1,1050.31
2,1899.462
7,1727.941
6,1887.3049999999998
3,1326.442
2,1417.9270000000001
9,781.367
5,910.552
10,1290.791
1,1570.7530000000002
7,865.231
7,1978.711
9,1949.2640000000001
8,980.514
10,907.096
10,1523.426
5,2466.743
6,2038.058
8,1180.899
6,2019.434
2,1192.0149999999999
9,1432.983
2,1819.7440000000001
5,2799.369
7,1287.99
2,1929.2530000000002
6,1090.452
6,691.502
5,705.198
7,2007.122
9,1952.808
4,2213.883
1,2094.628
8,2502.179
5,1619.6799999999998
7,1115.937
4,1218.502
10,1990.449
8,2593.797
5,1757.798
10,1112.831
6,1487.046
9,989.061
7,1580.9009999999998
9,1470.003
3,1360.885
5,504.402
5,1790.058
9,1484.585
8,1074.358
3,2325.249
6,1045.096
6,1146.396
7,1683.8899999999999
7,1151.273
6,1612.684
4,824.893
9,1563.345
5,1894.741
5,2263.5389999999998
7,1655.972
10,1351.75
3,1830.6
4,1771.545
9,852.515
2,2183.939
4,529.683
5,1818.656
4,1317.409
7,1478.8519999999999
9,2457.865
4,1123.452
4,1569.304
4,2120.2
2,1578.149
7,2021.45
8,1273.12
1,864.13
1,1930.96
10,1049.729
4,1862.7849999999999
1,2444.639
10,2229.569
4,1855.3220000000001
5,1125.659
1,1338.906
7,1567.134
1,1039.894
4,2090.662
7,996.271
5,919.311
2,1347.778
3,1810.2350000000001
9,1841.229
10,1296.797
5,1218.1
2,1493.1680000000001
1,1658.167
5,1435.69
1,2214.037
6,1400.392
4,1768.104
3,1682.071
5,2716.584
2,929.896
10,1145.92
8,557.949
4,1149.026
8,1401.838
2,2167.589
2,1923.4940000000001
2,1687.333
7,2857.814
5,1477.451
1,716.77
4,931.498
9,1459.071
8,896.1
7,2169.504
9,2394.788
6,2194.962
5,1253.211
5,1896.6509999999998
5,1443.078
4,840.016
5,950.548
9,987.004
4,634.865
4,1499.205
9,1897.558
8,1619.2469999999998
4,996.845
5,2422.209
3,1194.075
2,1663.173
1,1418.739
8,1757.5149999999999
4,1128.469
2,1473.719
3,1015.123
7,2197.193
2,2553.486
5,1884.15
1,1302.426
5,792.813
9,968.162
8,1768.774
1,1269.106
9,2430.58
7,1139.25
7,1397.757
1,1983.517
8,1529.722
6,885.636
7,1672.6390000000001
4,564.561
4,748.574
10,699.26
5,604.765
8,701.915
4,1705.9560000000001
10,2788.049
2,1775.96
3,1754.778
1,1853.187
3,1836.241
