3,932.627
4,858.885
10,1388.1309999999999
2,1311.958
8,1119.936
1,1010.68
5,1011.22
3,261.802
3,2171.933
1,1322.9180000000001
8,2501.495
5,2062.05
4,990.388
10,736.495
6,2262.408
7,620.385
4,722.735
6,2452.052
9,1944.863
3,2723.282
5,1424.535
9,2104.536
8,2180.429
7,1373.066
6,1453.912
6,513.401
6,985.405
4,1543.73
9,925.184
9,1730.591
6,872.883
1,1240.808
4,709.118
6,2208.41
2,1844.45
6,1861.921
1,1244.666
9,2205.645
1,1973.841
4,595.48
1,453.793
5,1574.5810000000001
1,926.692
6,1776.315
2,476.29
6,1432.024
4,1858.525
8,948.727
4,1555.645
8,1926.925
8,1994.924
7,1563.154
2,792.568
8,2130.889
6,1171.331
9,986.358
1,1149.629
7,1768.676
6,1353.716
6,1525.2649999999999
1,721.28
6,2253.828
3,2016.939
9,1595.383
6,1677.534
1,1903.201
8,1910.312
3,1641.161
8,1170.232
9,1861.216
9,2960.804
1,965.129
2,1882.065
2,1390.729
5,2734.8869999999997
8,1407.252
8,2327.285
6,828.527
3,2204.741
7,504.153
2,1276.528
7,1589.149
8,1962.238
9,3213.535
7,2414.209
9,1967.1950000000002
4,2195.161
9,892.741
8,2185.235
10,1584.473
7,1810.87
8,1243.794
4,1918.437
3,741.38
5,1846.681
3,2669.923
9,1916.321
5,1234.363
3,1617.944
1,2662.351
1,1925.964
10,1737.663
8,2228.212
10,831.984
10,2570.526
8,1988.5900000000001
7,1362.547
4,1010.117
7,2496.767
6,1348.313
10,1126.864
1,1947.299
4,1103.434
7,1789.77
5,987.152
4,2377.0299999999997
3,2470.331
9,2385.727
10,1980.476
9,2148.847
5,1432.65
7,1606.757
5,2315.801
3,592.652
6,1105.319
7,822.259
10,748.446
10,934.448
1,2022.951
10,1939.4859999999999
10,1709.653
8,1191.638
7,1455.276
9,788.635
2,740.286
5,3334.166
3,572.839
8,608.956
6,1801.9279999999999
5,1092.739
3,1040.535
6,1357.532
10,2587.118
5,660.698
10,1613.277
6,2221.36
8,1170.758
3,1442.721
4,1182.056
5,1844.976
5,1817.588
9,928.738
1,2157.294
3,1693.6770000000001
9,287.825
2,1088.496
3,1416.399
3,1843.109
9,1803.4589999999998
4,1471.606
6,2466.848
2,1859.202
8,2016.553
8,1940.011
2,1650.818
7,587.381
9,703.353
9,2006.975
7,3032.901
2,1059.459
3,941.321
9,935.017
8,1216.619
9,1640.051
4,812.261
1,1391.637
6,1944.5349999999999
6,2290.497
2,740.176
5,1664.3490000000002
7,2108.376
10,964.997
1,798.597
9,1570.412
4,1997.24
4,672.594
2,1285.412
8,1814.172
9,828.836
9,1576.074
7,680.82
7,1804.9470000000001
8,775.084
10,1981.466
6,1067.323
1,1200.501
8,2116.596
1,3296.424
4,640.123
4,1378.376
7,1563.6509999999998
6,1259.9479999999999
6,994.435
4,1410.358
8,1434.665
7,2254.059
9,2116.914
9,2614.154
7,1075.681
1,467.584
8,748.546
7,923.846
2,1867.612
10,1134.138
2,1188.377
8,1079.111
1,2861.072
2,1026.975
1,1607.701
2,740.765
8,1002.992
10,996.849
4,1917.5720000000001
3,1706.453
7,2843.45
2,1450.66
6,1938.337
10,1610.725
7,1266.616
5,932.227
7,2886.123
8,2081.397
2,998.851
6,1388.9470000000001
10,349.629
1,1769.202
7,1465.282
7,1263.349
10,1503.712
4,2045.709
10,1448.899
2,1919.4
4,1258.7060000000001
1,1320.374
9,721.821
4,952.976
5,1788.905
7,1016.525
8,2141.402
7,1638.2060000000001
2,1068.681
2,1578.816
4,1095.644
10,1909.604
4,1037.361
8,225.116
6,1142.854
6,1400.752
4,1053.965
7,881.444
2,1834.348
4,1828.3310000000001
8,1871.2089999999998
4,1435.503
10,1375.849
9,1555.673
1,965.079
5,1416.306
6,1438.174
7,1798.357
10,2225.061
10,2784.684
8,1720.223
5,1512.728
5,1485.151
2,1242.806
7,1362.6019999999999
4,1354.871
1,2001.162
4,634.414
5,768.212
3,1771.768
8,2043.972
6,1107.618
10,2425.133
7,1506.5729999999999
4,1857.8719999999998
2,1452.951
1,1413.71
2,1189.945
10,1380.172
2,1573.473
1,2084.9
7,1897.7069999999999
5,1506.008
7,1604.498
2,2076.373
1,1614.73
7,915.864
5,2065.307
8,814.571
1,700.259
6,2146.779
9,2502.126
9,2854.727
8,1672.5
4,706.905
6,1591.183
5,1758.078
9,1542.399
1,1708.4740000000002
6,548.861
3,1913.9650000000001
2,1664.1480000000001
10,1403.505
4,796.754
5,1393.5520000000001
3,2919.093
10,1598.633
9,2181.839
10,1849.3429999999998
8,377.363
7,2003.805
5,1714.079
1,1106.5
5,1893.4940000000001
6,1691.616
9,622.345
5,1936.638
4,1403.3
4,2077.002
5,2072.369
1,893.739
9,1603.851
3,1100.346
5,1179.155
10,1660.458
5,919.353
4,1476.964
7,995.178
5,829.884
4,1471.567
1,475.882
5,1457.931
6,2524.476
10,1629.382
2,1689.036
6,1733.7
7,1350.719
10,1508.865
7,1606.728
8,360.66
9,777.222
1,1763.371
1,1128.101
7,1939.3310000000001
3,1350.731
8,1564.613
1,1465.284
1,1808.929
4,1174.4180000000001
7,1568.988
5,1402.5230000000001
3,974.278
1,1960.1100000000001
6,2212.409
8,1670.973
4,968.126
4,674.133
8,1076.648
5,657.215
9,1127.712
7,1271.117
6,2657.202
7,586.362
9,1726.623
5,1345.729
10,1542.683
3,1235.307
4,2302.378
8,757.333
1,1619.127
1,1499.368
3,1834.225
10,1496.606
6,1366.163
5,751.697
7,1379.887
7,2093.746
9,1571.462
7,1376.512
3,2054.515
10,1566.3400000000001
3,783.719
4,961.302
8,1421.806
6,1527.813
6,2370.163
8,1853.042
5,2482.096
6,1945.5439999999999
6,1480.565
9,1359.3229999999999
9,2222.879
8,1594.6599999999999
6,1430.534
6,2257.006
2,1095.629
5,1220.711
5,1694.5430000000001
7,2590.57
7,2323.071
4,2364.044
5,1413.97
1,1557.8899999999999
9,3137.689
9,2245.979
8,2998.91
10,1274.313
3,879.701
10,2336.486
8,1634.437
7,2651.435
5,1393.3
3,2120.954
1,1295.772
5,1548.596
5,1023.304
10,2731.7870000000003
9,814.115
7,1080.583
7,1923.26
4,2115.568
3,1289.386
7,923.71
1,1966.542
6,1859.56
5,1308.1
10,2534.567
6,1190.997
1,1955.864
1,2340.3360000000002
8,1542.917
6,2011.265
1,1027.542
10,854.903
7,1423.137
5,2082.439
2,1266.091
5,2090.927
3,1298.088
10,1786.203
10,1344.246
6,1569.728
10,1353.774
5,1173.117
7,1279.349
8,1777.717
10,1890.414
2,1371.7060000000001
9,1541.097
4,601.266
8,2501.2799999999997
6,1292.607
8,1079.753
2,2128.611
9,1837.04
1,2317.534
2,1649.525
6,1237.071
8,1164.161
10,906.82
7,1781.449
5,1239.689
5,1071.487
3,1507.818
3,2626.559
7,1955.6100000000001
4,750.205
9,2113.15
8,1805.0
10,915.503
5,1563.853
10,855.418
1,1667.0990000000002
6,205.464
1,1510.867
5,1050.56
7,1518.281
6,847.929
8,620.688
3,923.481
2,1816.796
1,1355.422
6,741.364
9,1816.868
10,1449.694
4,2574.167
3,1307.6399999999999
5,2215.5
5,1917.766
9,717.47
10,2650.4139999999998
8,663.378
6,1544.551
4,1942.272
7,2311.974
10,2010.642
1,1305.575
7,1467.05
8,1621.167
1,1443.74
1,2877.166
2,598.613
8,1571.675
10,722.688
8,1903.906
2,1031.661
3,1072.129
1,2291.412
10,2307.462
10,2205.328
9,1622.569
7,1183.952
7,2535.131
7,1008.445
1,1219.192
6,995.048
6,1393.835
8,2068.95
5,1490.137
1,1691.616
2,1961.429
5,819.119
4,1492.642
7,785.874
4,1603.732
7,517.685
6,966.548
9,3359.514
1,1775.333
5,1489.453
1,986.097
7,1208.906
8,1103.345
3,2005.859
10,1973.52
3,2010.175
7,1484.6
5,1846.993
1,1060.031
7,728.243
6,1463.652
8,2698.8289999999997
10,1798.871
6,1290.327
5,948.017
10,2194.982
6,1106.528
7,1237.124
3,1441.165
2,1647.234
7,2312.897
3,1423.24
9,1345.824
3,1720.5430000000001
3,1505.749
7,784.604
5,2587.723
8,2357.447
5,3226.927
3,2314.929
4,1038.267
9,673.521
10,1073.593
4,767.693
9,1913.72
7,1599.06
2,1162.274
7,2259.709
6,1805.7350000000001
5,710.83
9,2136.157
5,2931.433
6,1236.156
5,976.196
4,1435.343
10,2332.189
9,1467.855
