10,317.078
8,456.087
6,1378.159
6,1661.136
9,1285.426
10,1434.557
5,712.827
2,561.239
3,1162.416
4,1837.626
9,2889.228
9,1592.0549999999998
5,2243.492
2,383.311
10,695.968
10,1161.4
8,1912.585
7,921.726
4,801.343
10,1906.8980000000001
6,2346.406
7,1703.406
4,2434.951
6,925.009
2,1464.681
10,1102.078
10,1592.274
6,2074.674
8,738.799
2,1611.4850000000001
8,1746.6280000000002
3,2003.948
10,1630.1100000000001
2,1227.401
8,1575.969
6,2252.727
7,1457.317
1,1831.8
2,1305.675
6,2186.908
6,826.377
6,1182.775
2,1263.613
7,581.785
6,1744.0700000000002
5,1404.761
6,1671.088
9,2330.505
1,3033.76
3,1462.195
8,432.692
8,2299.214
4,1170.374
9,1391.42
10,1074.726
8,984.035
2,960.268
7,814.934
6,1969.5259999999998
3,1980.1570000000002
5,2004.98
3,1965.792
9,1664.037
6,1711.461
1,893.758
7,1493.829
4,2018.517
5,1814.251
6,1874.4769999999999
6,1459.437
7,2110.678
2,1645.609
9,1570.874
8,1817.0729999999999
2,754.56
8,1029.104
8,1079.388
1,2008.053
4,1342.458
10,2253.596
3,1561.615
7,2425.485
10,2828.492
3,720.947
1,1451.655
8,1080.888
8,1128.395
4,940.499
1,1149.66
8,1304.651
1,1754.617
4,1416.036
8,2049.607
7,1781.921
1,525.461
9,1514.9479999999999
4,1208.108
5,1293.0529999999999
7,1316.5
8,2251.076
5,2561.911
7,1836.3490000000002
7,1634.883
10,798.971
2,1591.652
10,3381.545
2,1999.414
8,1519.783
5,1643.6889999999999
10,1730.77
4,1096.946
10,1622.894
9,2772.882
4,1822.0839999999998
1,1368.462
6,698.569
7,1727.796
6,1961.863
8,2787.9049999999997
6,1784.809
2,957.998
10,1885.5
4,2382.593
4,1823.7930000000001
8,2139.334
7,1929.943
5,1524.7440000000001
9,2818.614
9,1733.5520000000001
8,1785.3229999999999
7,936.103
2,1186.007
6,1366.879
10,2232.673
5,2177.697
2,1078.575
1,3104.453
4,1677.1219999999998
1,1587.896
10,891.104
10,2799.073
4,2000.179
5,1651.645
2,801.91
9,1289.953
6,2084.297
2,1333.376
6,752.55
7,1105.968
10,1573.516
5,583.831
7,1904.3020000000001
2,977.363
3,823.624
7,1452.785
1,1386.699
10,1359.751
7,1052.315
8,2261.274
9,1620.434
1,1315.2
4,2338.378
8,1950.065
10,1146.83
8,1338.3899999999999
4,2276.324
6,890.438
9,1950.589
3,1534.682
6,906.531
2,1793.8310000000001
1,1391.626
7,1852.434
8,1180.9470000000001
6,1347.576
3,1559.767
2,1944.498
9,1401.307
7,581.638
10,951.257
1,1065.004
10,1376.916
4,1257.691
9,1137.191
10,1025.646
2,1231.056
3,1745.5639999999999
6,1531.687
6,1061.321
8,902.118
9,1698.2089999999998
2,1707.827
4,1077.4
3,1415.609
6,1473.0810000000001
9,3259.793
10,2442.101
5,1942.643
7,1712.545
4,1357.461
3,2156.904
4,1443.713
6,903.549
10,1993.641
6,2227.574
7,1194.982
4,2131.065
2,2054.692
8,1146.422
3,1048.997
1,1461.402
10,1267.752
5,952.837
9,749.649
4,1511.887
9,1650.955
6,1321.334
10,1671.147
8,850.497
1,2352.703
5,2216.919
1,1643.481
5,2402.906
3,2242.425
2,2396.247
10,1525.525
2,2601.5969999999998
7,1416.981
5,1695.633
5,1510.468
1,790.426
9,1148.823
2,1372.0149999999999
10,1923.2930000000001
3,1771.435
7,618.037
8,1073.339
8,905.291
2,1786.3319999999999
9,1292.124
10,2366.998
10,2070.652
9,1750.479
3,1458.327
3,2191.774
5,1985.133
9,1407.7359999999999
8,1701.266
10,626.957
3,1265.695
7,1309.616
9,1515.234
9,1568.1280000000002
1,1481.629
1,2165.819
8,1462.542
2,904.16
6,1470.695
6,833.321
9,1576.261
7,876.376
9,1759.646
7,1966.316
9,872.446
4,1192.528
5,1060.81
7,1934.181
6,2271.541
8,2097.864
6,719.745
2,1810.092
6,1872.771
10,2690.165
9,1389.588
3,1894.004
5,1153.767
2,1246.2640000000001
2,738.303
1,2049.801
1,863.755
1,555.098
3,1217.162
9,2806.459
2,575.354
10,2490.941
10,1562.75
6,1507.066
8,1389.069
6,2055.785
8,1516.4160000000002
6,1311.8229999999999
3,1947.517
6,2365.532
1,973.004
2,1167.963
7,2069.741
6,1578.634
8,2380.223
2,2066.531
2,1837.347
1,1746.467
8,1618.159
4,1838.229
3,1198.226
7,393.721
10,1182.624
9,1208.347
7,1436.575
7,1196.501
4,1332.512
10,2171.566
1,1394.9
9,1795.0720000000001
10,1780.0529999999999
9,1182.8319999999999
5,2128.138
1,1286.1
7,1603.0030000000002
9,1292.249
2,1472.328
5,2485.071
7,1494.786
2,379.581
1,1691.752
10,541.739
7,2192.524
6,1800.603
7,1416.509
2,1176.718
7,3316.822
6,1076.431
5,2189.707
1,814.161
1,955.032
10,1340.747
9,2170.746
1,2068.746
3,2049.937
6,2162.309
4,1456.18
10,1438.451
6,1630.243
3,937.194
9,2468.652
2,1409.268
3,1428.818
3,526.285
2,1083.524
1,1534.9389999999999
3,2105.82
2,1069.965
2,1391.999
6,1436.7359999999999
8,1802.112
6,2101.52
9,2240.171
4,885.134
9,1258.885
10,478.484
9,1769.656
3,1789.768
8,1256.233
6,1585.079
5,1586.3229999999999
2,1519.779
1,3124.561
5,1260.633
9,1543.652
4,2310.191
9,2934.304
6,1882.637
9,970.891
7,1730.912
9,2692.864
10,631.14
9,1074.931
9,388.799
7,1464.762
6,1064.33
4,882.492
2,1674.771
8,2748.602
4,2020.749
5,2080.558
4,1744.604
8,1849.625
2,2089.433
7,1051.403
1,1532.033
3,1233.961
7,988.497
10,2178.835
10,929.571
4,1272.144
6,1404.87
5,1195.554
3,1267.79
2,1543.925
8,1431.824
6,1003.546
7,716.094
5,1116.544
5,1321.459
6,1008.267
8,1128.069
4,388.505
2,1163.719
6,1382.874
7,1715.676
10,1147.071
6,1937.415
9,1394.5720000000001
6,1542.8490000000002
6,1567.413
3,990.92
2,1127.818
5,2299.337
6,1379.978
8,2302.082
3,1348.46
6,1221.655
3,747.09
8,2403.221
9,2279.013
10,893.759
1,1981.452
9,1314.193
9,703.832
3,2857.342
1,1721.5729999999999
6,1731.6109999999999
6,1269.327
3,1512.4560000000001
7,1366.106
7,2687.423
10,1651.001
7,1569.199
6,1208.2640000000001
6,1242.648
7,605.476
6,839.373
1,2209.217
7,1266.635
1,1608.877
8,1124.706
9,774.408
9,1694.478
5,1370.07
3,1605.048
8,1005.846
9,1845.905
1,1334.895
10,997.127
2,1508.73
3,2045.843
7,956.472
10,1107.474
1,2245.249
6,1302.4769999999999
1,1107.65
4,1233.392
3,1629.423
3,2782.739
4,1719.208
1,2200.237
2,1582.6309999999999
2,919.151
6,2286.138
9,1209.552
5,2214.627
9,742.766
3,843.777
1,1232.504
9,1604.094
1,1525.004
9,1653.1570000000002
8,1697.201
10,2103.482
6,1373.054
2,1736.726
9,1883.589
3,1929.649
9,2026.81
10,1409.018
6,1035.437
10,2477.623
7,2139.354
9,1990.723
2,2320.872
9,667.99
5,977.75
2,476.652
6,331.67
8,1184.131
8,1206.596
1,1559.08
3,1560.116
8,1424.592
5,1213.7359999999999
10,1662.6979999999999
6,961.355
7,1219.086
8,1384.783
4,908.142
10,2365.236
5,522.615
8,1126.807
5,2385.826
9,1406.559
7,1207.82
2,1133.936
6,2127.811
8,365.62
1,1878.9389999999999
9,1167.0140000000001
6,1028.725
8,1097.138
9,1874.204
4,1436.972
10,1416.2930000000001
2,1663.9969999999998
1,1657.921
7,1203.052
3,695.89
8,1594.6660000000002
2,1943.522
4,1274.541
1,847.274
4,665.293
6,1470.249
3,988.701
10,2476.45
8,860.754
3,1960.1
9,1362.005
2,1399.867
3,552.659
7,1681.741
7,1460.722
10,995.121
6,2490.557
1,1416.483
4,2275.241
2,683.247
8,2340.568
4,1328.286
10,1479.079
5,2554.052
3,1762.5410000000002
10,1723.1399999999999
8,1374.931
4,1753.809
3,1873.587
3,814.877
3,677.339
10,723.353
7,1104.364
5,1095.963
7,2413.798
2,2018.827
5,927.196
10,2148.661
8,916.03
2,1380.813
2,1683.35
9,2493.105
4,1159.929
3,2955.3
6,2246.541
7,1280.093
8,1769.702
4,1900.491
1,1187.061
1,1098.5529999999999
4,684.333
3,1534.0149999999999
8,1118.796
8,1547.217
5,1562.004
9,1273.8220000000001
7,1391.48
10,754.555
6,2181.347
1,2139.385
5,1022.129
3,1436.868
5,1108.728
6,1775.109
1,1328.43
9,1250.402
10,1084.2
7,1220.18
2,1167.114
5,1828.292
