9,346.1
4,310.125
1,699.537
5,461.655
3,2174.779
1,1129.78
7,1414.569
2,1012.399
8,962.566
10,916.056
1,819.701
3,1627.833
10,1751.5549999999998
4,861.63
2,2671.7780000000002
1,1502.567
3,2424.368
8,1495.81
8,2423.1440000000002
6,1424.254
1,1134.0
5,1173.761
1,1073.471
10,2228.963
10,1147.399
3,1082.828
2,2396.058
2,1332.237
6,2140.247
6,2507.335
10,2225.225
8,1572.53
8,1501.232
2,812.257
7,1882.664
2,2888.81
4,1924.03
8,2279.104
4,1489.8020000000001
9,1191.835
6,1983.607
6,1087.104
3,925.676
7,1491.055
7,1521.0430000000001
10,2946.719
4,1679.858
6,2166.851
9,1801.781
10,522.813
10,862.004
8,1475.18
10,1171.871
10,1783.6480000000001
3,1001.681
2,1737.731
5,1974.368
5,1676.563
10,2489.3940000000002
3,1661.546
4,2236.399
1,751.853
1,1180.971
10,2245.107
8,1434.224
5,2384.801
6,1825.221
7,1925.496
1,2097.174
2,1563.2649999999999
6,1558.825
6,1492.306
9,1223.667
6,1183.839
4,1732.172
3,1366.8020000000001
1,1986.047
1,583.874
1,1678.779
6,2378.217
4,1242.157
7,1626.057
5,1403.9859999999999
8,2939.7870000000003
10,1988.693
6,300.511
9,547.007
5,885.476
8,995.601
1,1078.169
6,535.362
6,1601.047
5,2063.053
5,1692.758
6,2010.343
3,486.324
4,1735.3899999999999
9,2313.162
4,508.639
10,1585.645
2,2171.986
4,1438.261
5,679.493
3,1686.539
8,1571.297
2,1776.9569999999999
3,3035.524
6,1489.708
4,1376.031
8,2005.988
8,2505.158
9,1224.666
4,2500.839
4,1194.493
8,1348.358
7,1639.704
1,1110.088
5,1493.468
3,1237.507
2,1172.0430000000001
6,2116.384
6,1605.962
10,1091.219
10,1286.375
10,1300.746
4,1627.969
8,1634.1889999999999
5,1845.781
4,796.386
3,992.351
4,1383.35
3,1878.3310000000001
6,1331.134
9,1152.766
3,1431.205
9,1775.386
9,1084.321
5,632.977
10,1098.228
9,640.731
3,4343.361
2,1397.287
2,868.497
7,1476.346
4,2133.281
6,1727.6979999999999
7,2230.824
4,2437.3940000000002
8,1123.916
4,1493.495
4,1821.886
9,2221.49
7,1074.455
4,1878.351
6,1998.761
5,1228.321
10,650.655
2,1073.7069999999999
8,1490.0819999999999
8,1944.638
7,1229.999
6,649.847
6,1328.481
3,1324.4940000000001
6,1801.9180000000001
10,2175.362
10,956.372
2,2003.869
6,608.179
4,1001.709
4,1271.3519999999999
9,962.102
7,2246.387
3,1828.1599999999999
4,1078.525
4,1456.9569999999999
5,1584.0059999999999
10,2242.396
10,2247.389
10,1675.1799999999998
2,981.474
7,1238.248
6,2237.055
10,1713.012
2,1939.99
8,842.034
3,1112.802
3,1245.222
4,951.958
4,1134.888
4,1287.7359999999999
9,1375.01
2,2173.704
9,1616.137
7,2121.534
9,680.495
4,1237.155
2,1798.299
5,864.855
5,1836.4450000000002
2,1029.316
4,3114.652
7,1164.324
2,646.436
6,1281.107
8,729.236
9,1976.9479999999999
4,2032.523
3,721.749
1,1136.374
2,784.892
3,918.482
6,2070.677
1,697.263
8,1931.963
4,626.862
4,2602.889
4,1937.909
3,785.228
5,1319.892
3,989.644
2,726.797
9,882.574
5,1397.334
3,1364.4569999999999
1,2450.995
10,1644.565
3,2132.728
2,2183.722
5,2081.095
3,1348.021
7,1073.687
1,1976.615
9,2258.591
1,779.088
3,1707.682
5,1393.598
3,1228.228
10,1424.7930000000001
5,1393.4560000000001
5,2098.977
6,2471.762
8,2872.072
6,757.524
9,1124.474
2,1497.963
8,1276.649
9,1598.6480000000001
6,1627.952
10,747.897
4,2030.105
10,1885.589
6,1525.5900000000001
6,1122.778
9,1956.964
5,1233.09
9,1092.276
1,45.93
7,1602.637
10,1624.135
6,994.566
10,788.89
3,1211.787
9,2995.89
9,1911.931
6,1468.246
4,1598.8609999999999
5,1494.723
9,1735.442
10,1396.1689999999999
3,1398.65
9,1834.6979999999999
5,641.806
4,2193.621
9,1436.8029999999999
2,1680.5839999999998
7,1228.944
7,2415.471
4,1633.191
8,452.609
6,1962.3049999999998
9,548.809
7,1483.826
6,1733.655
10,1368.338
2,1137.614
7,2538.2889999999998
6,1581.725
4,3067.395
8,1666.6799999999998
2,675.999
8,641.009
7,1025.397
1,2666.892
1,829.764
1,1846.03
10,2144.647
1,1491.589
5,1225.647
6,1227.331
1,1299.004
7,1824.365
7,1271.029
3,1324.1779999999999
7,1802.2820000000002
4,614.291
9,1553.317
7,1645.098
7,2799.4719999999998
1,2276.994
6,1592.4389999999999
1,856.559
7,1279.388
5,1081.253
3,1143.869
8,765.163
4,1631.917
1,2012.421
10,1814.752
8,1515.868
10,2511.464
1,2381.582
9,1588.946
2,1399.46
3,1593.5720000000001
10,782.81
6,1186.439
1,1029.874
5,891.07
5,762.934
10,1282.469
10,1927.967
6,1777.83
4,1090.973
9,1161.521
5,2256.033
5,562.731
1,1394.583
1,916.237
4,1629.2269999999999
2,1493.503
8,2266.8
10,735.349
5,1340.152
9,1340.787
1,1955.312
9,1270.22
7,852.1
7,1478.1190000000001
1,1196.281
7,1051.179
4,1232.259
2,1558.98
2,2259.314
5,1866.615
3,964.137
6,1453.59
3,659.223
4,1782.694
8,1209.795
6,1823.641
9,1587.4360000000001
6,2122.531
10,1150.781
7,1336.49
5,1901.913
10,1196.615
5,1604.163
6,2336.1530000000002
6,1801.763
2,3054.992
9,705.254
8,1467.297
4,2168.752
9,2208.531
1,1210.547
9,1635.8719999999998
1,1121.892
6,403.173
4,1982.7649999999999
4,1521.353
6,916.063
10,1629.212
5,1836.731
7,741.228
8,1156.782
3,938.3
7,2655.893
8,757.689
2,2410.477
1,1621.98
3,1072.138
9,1754.661
7,706.258
5,1552.299
10,1909.857
5,1365.625
5,948.49
6,1205.664
2,839.888
5,1994.0430000000001
2,1250.742
8,1615.676
3,2752.047
9,1945.4360000000001
8,1780.458
8,936.756
3,1613.384
1,2397.632
10,1703.405
4,1312.218
8,907.863
1,1121.424
7,3156.901
7,2053.497
10,2676.423
10,2233.971
7,854.457
7,1546.0720000000001
8,931.027
7,1671.443
8,1075.518
4,2448.449
8,1378.7
6,939.791
3,1048.112
9,2619.25
9,2547.74
4,502.454
5,2206.977
1,2124.599
7,1306.784
8,1538.6689999999999
7,2527.716
6,1938.1799999999998
7,1613.1109999999999
5,804.035
5,1840.702
10,767.883
5,1778.711
4,1222.274
8,2115.49
4,1897.683
3,2493.489
2,1778.768
1,1646.4769999999999
5,817.97
1,2214.989
4,1274.696
7,1334.002
5,869.174
4,1238.713
5,1249.725
2,2198.156
4,2664.926
9,1419.809
1,1732.024
7,348.99
2,1575.444
4,1356.215
10,1403.061
2,1687.487
6,949.03
5,2170.344
3,511.2
2,2241.153
6,506.045
8,851.304
7,2147.136
5,1690.04
2,2482.4
8,1525.097
3,1489.679
8,1165.05
1,2627.999
2,1321.69
6,1429.268
8,2129.915
1,803.915
6,1164.105
8,1185.925
3,1717.903
1,480.579
1,1245.56
6,1713.53
4,1249.318
9,992.095
6,875.284
2,1510.944
9,767.996
1,2007.387
3,949.132
6,701.651
6,669.733
5,1076.682
1,1921.952
9,1747.424
5,2424.968
7,1967.565
9,1894.597
6,924.361
10,371.52
2,2258.8360000000002
3,1268.38
9,1720.377
4,1846.692
2,885.549
3,1900.937
4,1277.564
1,1802.3020000000001
9,1629.112
4,1763.725
2,2364.234
1,1044.063
1,1114.591
10,365.59
2,1836.277
2,995.649
8,891.806
9,753.107
2,957.912
9,2110.499
8,1782.113
10,2452.103
10,989.363
7,1182.961
5,1274.473
10,817.092
9,1961.4740000000002
5,1412.215
8,1647.838
9,1461.208
5,1077.774
7,1701.214
9,716.838
2,2088.926
5,1263.4859999999999
6,1945.266
2,2090.583
6,2192.341
3,1317.356
7,752.148
7,1915.97
10,1785.8200000000002
8,2074.082
3,548.561
5,2222.059
8,2688.814
7,1619.926
4,836.544
6,1111.019
1,1696.47
9,1556.077
4,2354.056
6,1075.118
7,1382.329
6,1642.376
4,932.892
8,2067.02
3,1093.522
4,1017.434
4,1026.395
10,663.599
9,1587.804
7,1276.12
4,3085.816
3,1176.885
8,1650.257
7,2093.786
3,939.11
2,513.357
4,1678.126
2,1566.7939999999999
6,913.263
9,1584.2930000000001
4,2758.821
9,1770.99
2,1617.69
9,1512.991
7,2257.82
6,2231.441
3,646.196
4,910.079
10,1710.683
10,1069.439
10,1085.778
8,1543.327
6,1772.4160000000002
1,1679.904
3,1281.999
8,1343.432
10,1817.176
9,1023.772
6,1348.431
5,989.58
4,1293.563
10,3073.842
8,1280.3029999999999
9,1051.888
8,461.039
6,1199.661
2,2139.103
7,840.849
