1,214.723
9,89.414
9,317.547
10,532.731
3,666.89
2,1299.9769999999999
6,892.05
1,1278.176
3,1171.23
4,1676.505
3,1301.221
6,1295.114
2,2345.681
4,1585.819
1,1552.24
3,2115.679
1,1378.912
4,1543.306
4,911.533
1,1994.704
6,2431.867
2,1386.505
6,1844.575
9,1412.899
1,1007.135
5,1527.6799999999998
10,855.744
8,780.218
1,1102.983
6,1430.278
10,866.339
10,1055.961
6,1415.061
1,1276.941
4,1870.737
3,1562.554
7,1237.695
3,1950.047
8,3059.531
7,447.586
1,1863.8139999999999
3,906.549
2,1092.571
8,2175.011
5,1444.657
4,1677.351
2,822.683
8,833.716
8,1117.403
4,948.382
8,872.285
3,1632.7069999999999
8,1625.0059999999999
2,1434.077
4,1861.641
4,1313.436
5,655.888
1,1060.486
7,849.132
2,1632.496
1,1397.093
8,1078.873
7,1524.441
9,1324.797
8,1536.088
3,1432.859
6,1997.382
7,507.582
7,961.364
3,2052.86
6,1701.202
9,1249.432
6,1361.825
10,926.077
9,1587.5529999999999
4,636.906
7,438.908
8,2872.154
1,1129.893
8,1033.689
7,1834.819
7,2105.811
6,2148.737
5,1407.73
7,991.214
7,991.419
4,820.018
7,1388.892
5,480.638
3,1932.62
8,1799.608
9,1187.7930000000001
6,1163.8890000000001
6,1246.266
7,469.142
4,573.25
6,796.67
5,808.074
6,1872.2060000000001
9,1761.42
6,1611.588
6,1808.181
6,1735.3319999999999
10,2106.704
5,743.264
2,2305.917
5,2441.425
4,512.378
8,2355.219
2,1705.475
5,230.093
4,990.931
5,1416.91
9,823.151
3,940.305
10,1809.481
4,1373.07
8,1892.1689999999999
9,1274.676
10,736.023
3,1315.624
10,2907.489
5,1349.489
3,1712.191
6,2379.516
4,1546.533
7,1769.609
7,1587.521
8,2782.041
1,1586.536
5,979.682
3,1752.958
6,2596.723
3,2394.581
7,1806.548
10,847.232
10,2711.447
2,2030.64
7,897.237
4,1403.071
5,1245.569
10,2399.985
4,1811.452
7,1085.175
8,1296.042
2,1346.686
10,1130.574
5,1609.435
4,1841.4769999999999
5,1852.394
6,728.688
9,2561.938
10,1265.699
2,1139.729
1,835.135
7,1234.525
5,1538.46
1,2156.599
1,732.445
9,869.655
4,2287.541
5,1685.634
9,1499.6
6,1719.567
8,1293.024
3,745.136
8,1560.1599999999999
9,1605.262
10,843.591
5,611.456
5,1819.492
7,1420.002
3,948.829
7,422.425
8,2159.703
10,2048.522
5,404.708
7,2101.092
3,1331.478
6,1227.6390000000001
1,964.093
1,1614.774
7,1336.06
4,2030.805
1,1373.696
1,1028.965
5,1876.687
6,1464.941
9,1508.726
10,1252.305
5,594.599
4,1391.767
2,2235.34
1,1357.0230000000001
6,532.357
3,948.816
9,1869.887
5,1467.433
4,1484.463
4,1378.606
3,1962.3400000000001
4,1400.05
1,1111.69
8,1913.646
2,1337.0430000000001
5,1625.154
5,1514.542
10,1261.125
10,2247.365
2,1668.287
7,1970.112
3,1558.346
1,1309.7730000000001
7,1070.648
2,1195.772
10,1144.003
6,1603.473
6,1290.438
1,1931.766
7,2846.118
9,1660.4589999999998
7,2639.974
9,1064.128
4,854.072
5,2599.822
5,2189.355
8,2465.294
5,1774.808
8,276.715
1,386.956
1,388.85
1,824.931
10,1110.991
9,1477.1100000000001
10,2366.5299999999997
7,1358.267
10,2442.126
5,1465.3
1,2453.088
2,617.798
4,910.144
9,2574.0
7,1868.009
4,2013.957
3,1008.707
1,2123.616
8,1083.763
10,2696.904
10,1212.791
4,2474.048
7,612.312
9,1462.0520000000001
9,1679.6689999999999
7,1860.5349999999999
6,1641.556
1,1328.916
1,2128.411
8,2752.172
5,1110.462
8,1110.486
2,2190.63
6,552.764
3,1871.6970000000001
7,1139.655
1,1428.401
1,1812.149
6,2017.014
9,1810.5729999999999
5,1976.356
3,1360.3600000000001
1,2233.683
9,1552.634
3,1537.857
4,1319.249
7,650.196
4,1321.666
9,1422.906
3,2030.619
1,2414.296
3,1720.9859999999999
2,2318.266
1,561.603
5,843.76
10,566.706
1,2571.274
7,1966.9589999999998
9,1731.52
3,1590.0819999999999
6,1101.089
8,1235.034
3,630.453
3,350.006
1,1072.493
1,1113.259
1,631.197
1,2333.021
10,1384.055
7,2404.346
5,1249.011
1,821.195
3,1093.842
9,2168.399
2,2618.1
8,1685.15
5,2975.627
8,1678.62
9,1761.604
5,1377.495
6,1420.371
6,1339.058
2,2505.306
6,2007.171
8,1096.346
3,1253.302
1,2628.124
5,1393.66
2,986.138
3,1583.4569999999999
8,1436.121
1,917.007
8,671.017
10,1938.813
3,2157.741
1,2398.05
8,2272.471
1,1144.489
9,2019.409
5,1559.383
8,2255.313
9,1634.511
4,1434.725
9,1452.751
10,1995.501
2,1411.705
1,1579.929
7,952.89
2,456.381
6,2254.563
10,1940.981
9,955.997
7,1967.299
2,1796.155
3,1072.997
10,1661.589
6,1873.158
1,971.198
2,933.306
9,2195.299
4,1443.326
9,1318.2359999999999
2,1186.029
5,1037.877
10,1172.884
10,1531.7350000000001
6,1232.521
9,1215.76
8,1659.116
7,2019.154
1,937.862
9,1378.108
1,1564.922
7,1833.9940000000001
7,1703.379
3,927.844
7,904.114
4,579.454
2,1151.761
10,1504.929
7,1678.095
4,2106.98
2,994.711
6,1202.616
9,1529.092
3,2650.04
4,1172.592
3,635.955
7,1292.59
6,1235.299
1,2227.607
5,842.32
5,1505.646
8,1757.537
8,2591.793
6,2389.235
2,1155.643
9,1145.381
7,1159.341
9,831.568
5,2186.6
7,2354.309
8,914.188
6,929.285
6,1115.823
10,2442.687
6,2771.806
9,1054.877
8,822.406
10,3219.975
4,870.825
10,1542.976
2,1605.554
2,2145.6440000000002
1,1356.368
8,1956.983
3,1326.633
5,735.387
9,480.512
10,1569.4099999999999
2,1383.68
10,2142.159
10,2368.09
6,1708.23
5,546.663
6,1977.887
10,1673.897
6,2661.069
9,662.907
9,1626.844
10,1092.948
8,1166.059
10,2419.021
4,1239.468
4,1770.865
7,1758.412
3,1356.172
10,752.51
1,1649.233
5,2785.446
4,2863.251
3,3179.4809999999998
8,1572.1799999999998
5,1199.279
1,706.355
10,1548.7269999999999
9,2303.745
9,1685.312
5,2097.018
9,1415.484
4,2248.489
7,1941.039
3,2045.528
7,2155.758
2,1239.0819999999999
9,2111.34
3,1899.944
3,1179.837
7,1842.371
7,812.983
5,2199.69
3,2534.075
6,1996.982
8,491.113
4,1253.94
8,1783.5639999999999
4,1038.133
10,2674.0460000000003
3,1101.05
9,1985.839
8,684.076
7,740.891
8,1862.806
7,1561.269
10,927.483
10,1585.192
4,2234.447
5,1656.159
5,1912.819
4,2270.407
6,887.49
6,273.703
2,2309.101
5,1420.743
1,1728.344
10,1361.209
9,1849.144
6,2264.883
9,1701.6309999999999
6,1007.375
4,2193.605
6,804.208
5,1580.848
1,798.692
8,2566.114
4,604.896
6,1208.952
7,2012.665
1,2105.4809999999998
5,2566.5299999999997
6,1657.308
8,705.207
3,1086.542
5,1303.8690000000001
6,1394.73
8,1527.745
8,681.079
6,933.661
8,1000.995
10,1369.753
9,1536.108
8,1834.2269999999999
8,960.685
8,1799.0839999999998
2,1391.0729999999999
6,1231.021
7,469.902
3,1766.788
7,1000.164
4,837.515
4,705.092
4,2305.105
2,1028.083
7,1280.532
5,2122.978
2,1429.811
7,1910.194
1,1533.6480000000001
9,2250.997
1,552.578
2,1115.49
10,2009.025
3,866.735
8,1283.531
4,2032.921
5,2306.867
9,1939.357
6,739.853
9,1157.937
10,1955.511
1,1089.737
2,959.132
8,1454.71
5,1116.861
6,721.391
5,2373.281
3,880.729
6,1215.857
7,1677.107
8,1989.013
10,1956.685
7,2051.54
4,1462.606
8,1934.771
10,1827.339
1,530.518
10,805.82
3,1952.635
8,1450.212
7,1768.921
5,1582.37
5,1637.562
9,1006.512
8,1255.306
7,469.075
5,1153.202
2,1666.778
4,1932.3020000000001
10,1497.401
7,1260.017
1,1101.735
10,901.217
3,1997.042
5,2486.176
6,1635.76
10,1335.906
7,899.152
1,981.496
4,1681.229
6,981.743
4,1656.182
10,1444.392
6,1432.9180000000001
1,1476.531
9,569.781
10,2620.84
2,560.792
10,1753.6680000000001
9,937.442
10,2334.413
1,1052.505
5,1313.77
1,1324.403
4,2013.53
6,958.354
8,1857.085
1,1984.0030000000002
10,1569.493
1,2816.763
8,1352.9859999999999
1,2330.459
8,1264.6390000000001
7,942.6
6,1966.6889999999999
7,1758.637
3,2111.203
8,2276.8450000000003
8,726.05
3,760.403
6,688.453
8,1222.884
5,2340.401
9,1199.94
6,2123.972
5,1661.3609999999999
1,1785.123
