9,789.633
2,1213.864
9,1121.615
9,1520.2469999999998
8,2028.369
2,1852.813
8,1927.53
1,2156.192
10,1550.6860000000001
4,2263.773
9,426.653
3,2475.026
8,1758.338
10,1421.5810000000001
8,807.774
8,2738.5389999999998
1,1119.404
7,2915.827
3,1827.932
10,964.504
1,1634.797
1,2235.25
10,1847.982
5,655.314
2,1603.107
8,1075.187
7,701.562
9,2115.092
1,1363.377
6,1625.481
8,764.991
3,1138.301
8,2730.5370000000003
10,843.202
7,2131.173
1,970.446
1,1981.098
9,831.37
2,1079.673
4,1502.91
3,1374.824
8,1044.145
5,1804.356
6,1970.7269999999999
8,1535.513
3,2770.009
6,1624.7849999999999
9,946.511
1,1257.02
6,1422.903
9,1724.606
8,2776.2889999999998
3,1719.451
4,1381.4569999999999
7,1358.635
6,1986.449
7,1598.266
8,1315.336
1,647.284
10,1703.679
1,1560.973
6,1462.287
7,2201.042
8,1696.8049999999998
10,2222.73
5,1910.171
6,1127.872
6,1439.425
1,1524.483
6,1388.393
1,2296.262
7,471.842
9,1081.729
5,1378.622
1,1812.664
1,1136.534
6,884.222
9,1026.506
8,494.674
9,1584.592
7,1891.211
8,2476.83
4,1580.1109999999999
9,740.068
6,1358.5720000000001
9,1168.4279999999999
8,2166.771
7,1644.642
10,1327.37
2,1968.183
2,1738.5819999999999
9,2172.355
10,515.577
3,1407.392
2,2021.661
8,2060.535
5,1111.313
6,2064.909
10,1803.002
7,1573.548
2,1652.429
8,1934.6799999999998
10,1873.251
7,751.235
1,2427.544
4,1181.219
4,448.636
9,1936.3139999999999
2,1123.528
5,1584.8029999999999
4,1438.871
7,3001.159
2,1723.895
8,781.363
9,1920.624
2,1231.458
8,1672.05
10,2715.909
6,1750.4270000000001
4,683.723
6,1871.308
2,1721.48
2,1083.217
4,1031.736
9,1766.0030000000002
7,1569.383
2,2480.379
5,866.491
1,1141.419
3,1706.049
4,1348.423
8,2258.076
5,1480.309
4,1118.59
10,1738.025
1,2924.7780000000002
6,2698.372
1,2053.759
9,1535.78
8,2830.134
7,1219.941
7,1412.326
2,1124.501
10,1197.646
7,1518.33
3,528.385
5,779.988
9,1163.095
10,2048.057
3,1856.4299999999998
3,2043.636
1,923.027
7,1457.429
4,1334.6399999999999
3,1032.726
7,1656.726
5,2608.158
6,1405.751
10,978.795
4,1810.966
6,1046.62
7,1907.1309999999999
8,1354.1100000000001
10,2193.753
10,2661.786
4,1944.7179999999998
5,1095.65
9,1677.4940000000001
2,1418.726
2,1525.9099999999999
1,1782.005
6,1349.251
5,1644.433
10,1720.826
7,1643.3049999999998
7,381.459
10,1971.876
6,570.315
4,1525.6950000000002
5,1348.963
7,498.104
9,1289.071
8,1934.5720000000001
6,1866.7350000000001
2,1742.607
5,2524.616
4,2106.164
1,1594.15
7,2257.098
8,1430.676
9,2023.111
1,713.315
7,797.663
1,750.839
5,1707.98
8,874.212
4,1661.613
3,803.296
8,1497.835
4,995.038
1,1082.239
2,1503.788
2,1783.204
4,851.343
9,2179.337
4,921.464
1,1823.6779999999999
2,1755.1100000000001
7,2855.846
2,1435.193
2,952.46
9,1136.682
3,1105.325
6,1250.571
7,1128.237
6,924.553
2,1757.507
7,1953.1
5,2073.091
2,2450.258
6,1013.078
1,2294.171
7,2970.221
1,1021.848
9,1237.96
3,1451.9479999999999
8,934.638
10,2543.0389999999998
10,1124.477
7,2072.746
8,807.806
9,1530.909
10,2035.736
9,1987.2930000000001
3,1867.6770000000001
8,2158.7
7,2300.648
4,2083.342
2,1387.911
4,1666.761
2,1886.807
10,1526.911
3,1703.575
8,1710.893
2,1418.249
9,2434.701
8,1409.679
7,2440.174
6,672.488
3,1174.502
4,665.862
1,2561.51
3,997.418
5,1975.101
7,2298.883
10,2297.113
2,804.835
5,1310.392
1,1604.368
8,2114.52
7,2495.973
10,1111.945
8,2436.986
5,1026.233
6,823.281
6,1050.596
3,1375.386
3,2170.479
4,2334.439
10,1880.423
6,1836.286
10,1308.037
4,1128.671
5,1619.508
8,1281.782
9,697.702
1,1246.129
9,2211.73
7,1154.127
5,1464.567
8,1196.244
8,2525.143
3,1887.387
3,2098.024
3,1446.38
4,1391.313
3,1761.7820000000002
1,2116.688
8,1588.0900000000001
6,2158.23
8,479.453
7,2524.674
6,1291.288
3,2222.7889999999998
4,1961.333
7,1993.979
3,1859.55
9,1034.093
1,996.949
1,1064.268
1,1291.195
1,1551.522
8,1386.675
7,2330.043
3,678.528
5,2971.779
3,1938.124
8,1881.246
1,1445.6979999999999
1,1258.278
5,1747.027
8,1423.534
2,1606.853
6,1508.969
8,636.802
7,1880.671
8,1128.888
4,1300.048
3,656.081
9,1085.158
1,743.976
7,1134.2069999999999
2,1807.931
5,941.573
3,1814.8519999999999
8,2563.703
5,2440.346
10,1244.37
1,1744.838
6,1652.405
4,1406.614
7,719.816
9,1081.88
4,1693.387
1,1796.481
10,779.619
8,1968.5439999999999
6,2008.307
4,1100.84
6,1562.991
6,1883.222
10,1849.606
5,608.475
4,1437.409
10,1028.805
4,1273.441
3,1937.687
9,2247.404
1,1828.955
6,1480.4560000000001
4,1861.7089999999998
1,1862.565
10,1950.877
1,1510.713
9,1811.8339999999998
8,1121.908
3,766.094
9,926.728
10,599.674
5,823.906
8,1923.7640000000001
6,1615.998
5,805.655
5,349.258
9,1355.432
3,1496.917
2,719.304
2,1690.1390000000001
7,969.901
7,2266.738
1,1115.059
2,1079.015
2,955.867
4,1013.961
1,1315.367
3,2310.534
4,2127.434
3,863.112
5,2350.104
4,1103.669
7,1436.397
1,1631.627
1,850.747
1,2142.553
3,1720.193
3,1513.999
7,1818.6950000000002
9,2295.111
1,2360.293
6,778.514
8,1869.144
2,1347.705
4,860.761
2,1369.237
10,2463.739
10,2747.693
6,1449.278
1,2531.977
2,1594.5729999999999
7,1482.459
5,554.899
7,1344.2069999999999
8,1900.461
4,1504.513
2,1897.5149999999999
2,1012.095
4,1021.121
3,1354.814
6,2312.276
8,3192.371
8,1357.183
8,1713.9740000000002
8,1577.964
4,1222.271
6,1063.118
5,1034.9
10,1902.899
6,1455.652
5,1268.922
7,2754.556
5,1826.371
9,844.603
2,1917.512
6,2369.351
3,1076.083
2,1990.495
4,2333.702
6,2542.781
10,313.828
6,3089.068
4,1801.249
8,398.535
7,1584.116
10,596.023
10,1209.905
9,2213.224
5,1433.666
6,1651.925
9,1209.137
7,917.864
1,2122.793
3,1609.504
2,1825.272
7,1869.007
3,1606.612
2,817.748
6,1089.877
7,813.073
5,1026.066
10,682.649
5,2454.187
8,2596.781
2,1574.537
10,1613.9189999999999
5,1282.618
6,2040.024
10,2252.142
6,934.907
4,501.937
7,1053.899
1,1527.328
3,2243.613
4,1702.751
3,1236.964
8,1368.155
10,1447.807
8,2601.094
2,949.382
10,1513.617
1,1146.208
2,1170.484
9,1960.4560000000001
4,1756.712
7,1733.9569999999999
3,1145.279
3,1413.702
7,1192.222
10,1534.594
3,1350.367
8,2012.695
2,1243.753
1,1083.18
6,2037.916
6,1470.651
9,674.834
3,1479.34
9,2715.9629999999997
4,897.846
6,1296.158
3,2074.0190000000002
6,611.295
7,1275.1689999999999
7,1538.983
9,1069.423
1,1883.9360000000001
2,2788.645
6,867.665
9,811.162
9,2614.4030000000002
4,2142.873
5,1191.746
5,2104.274
2,1839.35
10,2263.549
6,206.054
7,1991.624
3,957.138
6,944.995
9,1530.3310000000001
4,1948.548
4,1337.549
5,1898.749
9,1989.183
1,878.635
5,1313.358
1,1654.255
3,1350.21
5,1565.251
2,1932.4450000000002
9,404.754
5,1806.075
3,2082.6
4,1367.809
3,1648.534
10,1773.696
7,1486.768
1,1396.022
3,1036.683
2,2808.494
5,594.713
7,1047.253
5,3327.853
6,773.625
5,1956.4360000000001
1,926.49
8,1960.027
3,653.825
6,2174.623
9,1907.3809999999999
8,1575.153
2,1488.801
1,1223.355
7,1342.0230000000001
7,2135.918
6,1279.999
7,1483.944
8,2219.813
6,2122.797
7,1248.801
9,944.154
8,696.255
3,1982.443
4,1096.606
5,863.673
10,1259.279
1,1681.725
9,975.108
3,833.87
10,910.405
2,1526.9189999999999
1,2265.087
5,1381.692
1,1243.112
2,1538.152
7,1584.471
3,985.63
6,2209.882
10,2245.349
5,896.961
9,1613.528
4,2020.521
4,1440.843
6,1248.479
6,729.152
7,1218.459
4,711.187
6,2655.165
6,1330.489
7,2057.55
9,2048.693
1,1329.308
9,2400.059
