7,404.126
9,156.613
5,381.798
3,330.609
4,420.932
10,1789.578
4,1149.728
8,1212.259
9,1608.289
1,1253.314
4,1392.085
10,1120.641
9,1007.409
6,2408.543
8,970.728
8,1837.0819999999999
7,873.71
6,1017.174
7,1566.9740000000002
8,2091.475
3,1325.312
1,1782.904
3,2045.363
10,1790.682
3,2311.926
1,1178.4569999999999
5,1016.541
7,1304.455
3,722.213
4,1643.5439999999999
1,426.086
6,322.387
10,1903.5030000000002
2,1772.017
7,426.322
8,898.171
9,2342.0389999999998
8,678.351
8,1032.95
2,2210.451
7,2642.3450000000003
2,2151.513
5,531.485
5,2175.163
8,2302.151
8,1412.3220000000001
5,1420.966
8,1633.038
4,2602.157
5,1098.685
6,676.648
6,1377.399
2,2152.49
5,546.215
10,1895.117
5,1977.78
8,2032.944
2,1454.194
7,1127.415
3,1514.284
5,1926.008
8,1926.022
5,2099.382
7,2060.123
10,1682.391
4,886.436
4,1087.805
3,1094.683
6,1457.777
9,1840.3719999999998
8,754.311
8,750.307
8,1024.613
5,961.977
1,1527.767
5,812.249
2,714.374
8,2281.529
8,1899.3600000000001
9,2310.197
9,1522.141
10,1180.533
1,1776.149
6,1695.181
4,2348.3940000000002
6,1677.05
1,1404.165
3,892.094
10,941.768
3,1176.396
3,1439.826
8,1467.693
7,1735.579
1,2000.451
6,1694.755
1,1891.5
10,2113.342
9,1876.528
5,2342.256
5,2244.702
3,1549.531
4,875.428
3,1785.902
5,1380.136
3,2329.602
7,2160.748
1,2098.379
8,1574.866
3,808.066
10,1687.508
10,1524.755
9,1716.025
3,810.46
10,1770.259
3,1222.777
1,1735.027
4,871.484
4,2116.026
3,2368.161
6,844.916
6,1363.439
5,1928.627
7,2883.1059999999998
3,1918.173
7,588.978
8,1912.6
3,1662.9160000000002
1,1954.1480000000001
2,1768.165
5,1935.3020000000001
6,2867.024
10,1259.392
1,258.289
10,1497.143
3,1986.7730000000001
7,1595.866
3,1683.566
10,1667.568
4,1551.164
7,996.195
6,1076.2930000000001
5,379.744
4,920.356
9,2388.236
1,2238.005
9,1100.888
2,946.508
2,2492.924
6,859.022
7,669.833
6,1089.896
4,2080.177
6,306.516
6,1689.243
4,1587.403
10,1644.8400000000001
6,2162.583
7,2136.313
1,1097.417
10,1906.809
9,1768.2269999999999
7,1849.24
5,1888.347
2,1629.769
5,1699.618
8,1273.662
9,1817.973
7,947.857
10,1612.904
9,1987.4850000000001
6,562.768
7,1145.376
5,922.719
4,1032.03
2,2289.131
8,1271.6019999999999
5,984.684
9,1069.584
2,781.914
8,1137.223
6,1740.046
8,1779.2069999999999
2,1566.433
8,2351.5860000000002
10,1730.275
8,1839.362
3,1422.865
1,615.855
3,619.058
5,1643.277
7,1580.958
4,1114.581
7,1047.69
9,1835.364
3,842.737
10,1149.546
1,1690.143
8,1206.2350000000001
6,1164.426
8,1776.998
2,978.148
7,1167.685
7,1521.357
7,2815.511
9,701.194
3,891.124
6,1704.4099999999999
4,527.285
10,1318.833
7,604.555
10,2314.999
10,612.953
1,926.148
7,1365.083
6,1721.376
2,870.527
10,1057.409
7,1745.413
2,1554.702
10,1296.836
4,2602.352
5,1350.584
3,1355.221
9,2687.696
6,545.378
2,1165.767
6,1795.221
6,1556.237
6,1307.103
9,1740.9450000000002
8,2633.962
9,1576.437
6,1262.8519999999999
1,1195.688
8,2497.687
2,1100.385
4,1374.0720000000001
1,1012.557
5,1976.222
1,1692.059
1,1615.529
1,1594.471
5,1378.896
9,867.434
2,1334.003
1,1073.317
6,932.426
5,1628.703
9,1421.324
3,995.906
1,1371.211
3,566.092
4,1291.896
4,2168.775
1,1852.0439999999999
4,1896.926
8,1507.425
10,1274.565
5,1128.274
3,1476.6680000000001
9,1081.972
3,1146.215
4,637.371
6,1080.456
9,1685.1480000000001
5,2347.415
1,898.644
3,2274.506
7,2019.139
7,1579.2649999999999
5,2636.335
9,1757.482
9,1297.942
8,831.402
7,1126.123
3,932.363
2,1697.583
8,1749.856
2,1708.297
2,1864.772
1,1773.5720000000001
9,1408.808
3,1176.544
3,1841.5320000000002
6,998.179
3,1439.238
8,1331.68
2,1299.597
9,1325.594
2,2045.72
9,1176.225
10,1297.5720000000001
2,829.761
1,2761.875
6,1688.02
7,1393.819
9,1609.406
3,956.669
6,1238.148
8,941.742
5,476.47
1,1241.753
2,610.277
10,3611.703
3,2283.027
8,748.937
4,1373.897
7,1411.1979999999999
9,2181.176
3,864.022
2,1001.042
10,1626.891
10,1330.359
2,2945.798
4,1710.504
5,1069.518
4,2300.716
5,252.04
3,2345.201
6,1485.6979999999999
3,2095.08
8,1226.554
8,821.933
10,1930.4070000000002
2,1807.318
7,1638.575
4,2414.534
5,1897.45
8,1554.201
1,1917.223
2,1490.1019999999999
9,537.288
9,1599.783
10,2475.34
1,860.618
3,925.143
10,1014.672
6,2137.944
9,767.563
8,1223.858
10,1951.656
10,2813.676
1,1094.656
8,2910.893
8,1090.158
8,1095.966
8,1617.904
10,784.95
3,2071.709
5,1890.134
6,1965.1979999999999
3,1447.17
7,929.418
8,1007.604
4,643.683
8,767.794
2,265.862
7,1404.1
1,1131.001
8,1250.005
9,1217.482
4,1181.618
6,1690.5639999999999
3,2492.469
10,1520.938
4,1103.336
1,469.601
9,1473.871
8,1815.6970000000001
7,2467.631
5,1007.061
10,1888.963
4,1014.582
2,1519.879
3,1942.981
10,3239.331
10,1651.471
5,1632.751
4,1977.192
8,2456.707
7,1503.821
10,1307.5819999999999
4,1261.836
6,2282.243
10,1454.629
5,803.998
1,1884.8200000000002
9,3005.801
3,501.176
8,2473.425
2,1383.915
6,1572.204
4,1186.267
9,1781.897
7,2156.791
1,1302.521
9,1382.4180000000001
10,1205.404
2,1682.034
3,2725.352
6,582.094
9,800.883
2,1026.86
8,1814.028
5,770.36
5,686.141
10,1647.0430000000001
2,792.38
7,1915.337
10,1077.717
10,2446.241
10,1884.6599999999999
3,795.731
10,1583.461
6,1316.7359999999999
9,1761.453
2,1396.6390000000001
9,528.685
4,1154.705
10,1218.112
4,842.6
2,1599.1779999999999
9,1249.725
7,2140.719
2,881.274
9,2754.051
9,1857.85
4,1256.591
1,1093.758
9,1273.411
2,1811.047
7,1155.663
4,1008.199
5,891.997
5,1100.3029999999999
7,1191.674
10,1669.604
1,1565.341
6,666.954
5,1288.3319999999999
1,2029.782
5,2467.787
9,1818.8139999999999
2,1669.476
6,1930.174
7,1002.451
2,914.299
1,1965.386
5,1189.222
7,581.662
4,1970.466
4,1423.68
5,981.268
7,1618.922
10,1228.095
3,975.706
10,1305.844
4,1444.942
2,1042.982
2,2252.238
10,511.534
9,2532.024
3,1712.568
3,975.952
1,848.355
10,1362.2350000000001
7,907.124
3,1894.577
1,1436.625
8,1159.626
10,1437.908
4,2063.768
6,364.205
1,1324.204
9,2253.177
6,1739.017
4,781.352
4,1754.792
10,1215.744
2,2318.763
10,1540.1660000000002
8,1084.665
8,1758.6570000000002
3,405.952
5,1300.591
7,2319.366
1,1837.175
2,1048.403
2,1215.526
3,1078.265
4,1888.057
2,1547.3890000000001
4,1520.807
2,401.599
2,1409.958
1,2046.098
7,2364.321
10,1841.353
6,2391.217
10,1210.705
10,1298.983
9,2367.195
5,885.066
10,763.96
9,1642.08
4,1292.196
2,678.343
3,2374.175
9,2814.016
5,1707.26
1,388.652
9,869.002
2,1812.967
7,1392.923
7,2040.08
7,2419.349
7,1116.989
9,1575.2640000000001
5,1601.8609999999999
3,2951.239
7,1758.068
4,1525.981
2,1688.0430000000001
4,974.632
9,1896.2759999999998
1,342.167
6,1750.404
10,1745.075
10,1379.877
9,1337.7559999999999
5,1993.203
8,1906.629
8,2103.217
10,1574.346
2,1124.909
8,1081.922
3,482.973
8,1594.342
3,1635.6190000000001
2,1241.344
3,931.381
3,2334.299
4,1041.974
3,814.53
3,598.392
3,2169.219
1,1995.301
5,1315.4479999999999
8,2491.686
10,1263.499
7,2562.342
6,1682.231
5,536.494
4,918.587
1,1550.1680000000001
8,1309.664
9,1591.882
9,1593.2150000000001
4,1356.5520000000001
10,1523.559
10,2318.443
9,3132.101
6,1275.326
9,1402.027
3,538.529
4,1150.484
2,873.37
9,2245.5
9,1259.936
8,1507.993
8,771.259
10,1142.558
6,1229.742
3,1264.91
1,2036.231
9,1743.051
1,1364.042
6,1248.094
4,1053.795
4,1828.071
1,2176.137
9,2369.831
2,1472.904
9,1229.06
7,3060.365
2,1568.479
3,580.835
4,2530.852
10,750.525
9,1961.559
10,1827.191
10,2248.331
7,1387.105
1,1016.316
4,1264.7069999999999
3,1898.8780000000002
7,3166.758
9,1816.324
7,621.036
3,1235.55
8,2353.88
6,1110.632
