7,1635.8719999999998
3,1408.3809999999999
5,1173.576
4,1450.146
10,1416.896
10,1586.605
4,1407.159
2,829.551
3,1536.433
4,1834.784
3,1494.738
6,1112.942
10,1250.383
2,1736.063
5,2333.467
10,1673.9160000000002
10,1814.007
1,1236.704
4,1705.373
5,1760.4009999999998
2,1032.804
8,2258.7219999999998
1,1917.0059999999999
3,1117.255
1,1924.944
6,1884.4070000000002
7,1528.027
4,1075.334
6,1436.674
9,1048.725
8,3194.703
10,1973.184
9,1550.301
5,2236.364
8,1097.512
4,785.229
10,1176.232
2,2135.554
5,582.371
8,1234.796
2,1332.95
6,1020.2860000000001
4,1141.587
9,1094.924
10,530.099
5,781.641
7,765.511
4,777.651
6,1538.292
1,731.46
6,1446.686
3,999.061
9,1634.966
7,2567.9880000000003
9,1408.358
1,1611.366
6,1792.662
5,1884.583
5,1892.771
7,685.24
7,2162.564
1,1620.471
7,1609.6109999999999
7,1100.588
1,1490.167
3,2629.569
3,2075.63
3,1443.892
10,1245.856
5,1826.595
5,1758.02
7,1275.388
2,1988.2060000000001
2,1132.537
1,830.899
4,1795.596
6,1612.576
2,2405.564
7,1684.118
4,1635.499
10,1153.387
9,890.198
6,2136.392
8,725.158
3,496.308
6,1267.931
9,1190.177
2,1348.905
8,1807.9160000000002
9,1474.042
1,1408.825
4,1763.309
5,899.469
1,1398.6100000000001
4,2031.286
1,964.221
5,577.79
5,1071.529
2,832.19
1,405.36
2,1611.406
9,723.6
6,1132.523
2,2043.004
1,1684.813
6,2670.096
9,2572.625
3,1061.815
4,601.482
8,1106.226
9,2358.92
4,1372.841
5,1809.537
4,1282.312
1,2400.923
8,1453.034
5,1235.137
9,2046.136
8,2565.358
1,1481.471
1,1097.85
7,1933.376
2,2490.443
9,2214.031
6,2088.865
5,1319.2939999999999
1,1068.299
8,1174.586
2,2231.137
1,1196.409
6,1282.335
6,2395.477
4,702.273
8,1813.762
9,1694.038
9,2262.676
2,732.278
5,3385.603
1,976.425
6,1364.261
3,1229.049
9,2821.383
8,2387.038
6,826.774
5,812.741
3,2023.572
7,2219.9809999999998
2,1356.489
3,1708.358
5,1150.959
3,1357.224
2,1512.732
2,2022.525
10,1358.1190000000001
4,1895.317
2,1066.643
1,1454.357
10,1713.586
8,2011.634
5,1591.109
2,977.008
6,1224.354
9,2431.607
6,1494.437
8,2365.715
7,2152.577
4,1945.962
9,936.165
5,1843.891
2,1324.145
6,1979.8809999999999
8,2493.906
6,2430.642
5,506.724
4,1016.785
3,1076.261
3,2361.622
9,1119.027
10,1235.782
1,868.549
9,2063.891
4,1155.607
6,1299.878
5,1724.893
3,1450.348
4,2125.35
6,729.214
2,2392.281
8,1902.754
2,960.812
4,1873.357
3,1422.132
2,1439.048
2,1102.699
1,807.129
1,1169.193
4,1218.453
9,1456.439
1,1760.126
3,946.299
8,2308.248
8,1188.663
3,2059.771
9,1224.384
5,424.424
8,1650.694
6,1149.984
4,788.459
4,3121.803
6,1085.959
2,1276.3
6,1557.3220000000001
4,1440.02
6,736.92
7,971.062
7,1945.885
9,1007.437
6,1523.988
5,1590.6779999999999
1,1467.29
1,2954.389
10,1541.135
10,2185.909
7,1422.195
4,1067.026
8,668.288
1,2602.751
3,2164.872
10,1014.452
9,820.315
2,2345.428
9,1666.9589999999998
4,1015.592
5,692.716
10,1563.458
6,1497.489
3,814.66
9,1475.057
3,1505.687
9,1487.7350000000001
3,1675.283
7,1809.873
7,1969.79
8,2302.904
2,1696.1390000000001
3,1664.675
5,293.546
2,1203.248
5,589.575
2,1929.663
10,1831.508
7,1479.058
8,2070.928
1,777.518
7,2638.868
4,1440.029
8,2023.935
4,1212.279
9,1403.129
1,1590.9470000000001
4,2165.242
8,1177.625
4,1090.394
6,1015.354
10,1610.491
7,1510.529
3,2284.134
5,1569.726
8,1287.5430000000001
5,1260.6979999999999
10,955.134
9,2533.06
4,1602.125
3,1225.2359999999999
2,991.514
6,1017.324
9,1475.038
7,1884.502
2,2191.163
8,1027.937
7,1895.548
5,2106.26
2,1901.9940000000001
10,964.368
3,1032.167
7,920.601
10,2240.879
6,1612.536
3,2297.0969999999998
4,1344.54
9,2163.746
3,1557.505
7,1091.055
1,2082.096
2,1181.233
4,851.294
3,1015.605
3,1526.612
8,438.169
1,923.729
5,852.421
3,1059.744
2,2500.821
5,1978.932
10,1771.95
3,2061.697
8,1555.687
6,1494.609
6,1352.394
1,2033.298
7,2388.624
2,1165.217
10,2552.541
5,464.87
9,2103.811
7,1645.512
8,728.206
10,1535.238
4,1902.9969999999998
10,1325.953
2,1894.345
8,1069.854
2,1065.451
2,650.028
3,1709.5839999999998
1,907.431
1,2349.297
3,1248.537
9,2195.722
8,958.095
1,880.276
9,1402.348
2,1569.865
10,1316.8220000000001
10,1390.257
1,908.263
4,1082.7
2,1335.386
3,874.745
3,740.512
2,1099.028
1,885.242
4,736.692
1,1554.2240000000002
4,1361.362
6,1878.295
7,1052.452
1,1013.617
7,480.399
3,1754.914
4,1884.992
3,2187.182
1,1699.1190000000001
10,1263.595
9,2457.715
5,1010.293
6,1362.6309999999999
6,1077.134
9,1681.76
10,1902.8200000000002
9,1232.348
8,766.103
9,2086.583
4,1137.759
7,2075.1059999999998
10,1385.028
2,2400.702
4,1627.768
10,1776.2359999999999
8,2815.245
1,1356.039
4,833.814
3,853.882
7,933.429
5,2834.48
8,2208.458
10,505.648
2,2581.997
5,2224.259
8,1113.5720000000001
6,1395.742
6,827.717
9,1710.471
5,878.381
1,1499.251
10,2437.373
9,1867.4160000000002
4,1477.424
5,1305.285
6,2021.486
2,879.203
9,1639.6100000000001
6,431.437
9,1429.0810000000001
5,1116.153
2,728.949
2,1399.999
9,1586.2730000000001
3,1125.45
8,997.467
7,1978.3780000000002
10,1620.4850000000001
8,2292.55
2,2444.42
8,572.691
7,1135.394
9,932.104
2,1873.703
6,2498.511
8,1161.931
3,1773.752
3,1519.58
9,1456.826
2,2224.077
8,2224.428
7,1225.08
1,1650.346
7,1142.51
2,951.466
3,1139.027
7,1112.125
5,2702.737
7,1737.204
3,777.503
10,2518.206
1,1815.2910000000002
4,1673.97
8,1222.395
8,2346.377
10,1472.715
1,994.177
8,1360.1190000000001
3,1259.758
3,2578.366
8,1057.792
8,1232.823
7,1327.306
5,1806.569
4,1918.983
9,2576.2200000000003
10,879.169
2,2153.088
10,1570.388
4,1358.943
4,749.919
3,1357.28
3,1579.23
7,1544.491
8,2074.505
1,3151.844
6,1708.926
8,1718.9569999999999
2,1259.27
4,1867.626
10,1312.913
1,1400.676
2,1610.237
7,2202.1440000000002
2,1060.999
9,1096.052
6,2123.782
4,2492.853
6,2211.305
5,736.4
8,1998.3429999999998
8,1862.03
6,1553.4679999999998
7,3047.599
10,1685.142
9,2192.239
2,2128.841
9,795.14
7,1150.427
3,2325.753
8,1884.4560000000001
7,1976.938
10,470.141
1,1908.53
1,848.024
5,2669.452
8,1279.05
10,747.229
7,1121.076
2,1729.97
2,968.837
3,2791.407
9,644.353
7,1178.449
1,774.466
4,2472.688
8,2024.55
1,1740.076
5,2356.493
9,1541.601
10,2870.614
6,1170.446
4,1841.769
4,928.121
8,917.358
5,1381.402
6,915.549
9,1207.258
7,814.827
10,2103.648
1,1704.384
2,1066.216
9,1315.708
9,1921.422
1,1966.4360000000001
7,2302.883
2,1211.6399999999999
4,1797.325
10,689.514
7,1568.079
7,2310.452
10,2702.226
4,1538.605
1,1254.02
6,1395.9940000000001
6,1528.961
9,1470.313
7,1074.0
10,2015.82
7,1452.133
8,1190.16
6,2277.0299999999997
9,2409.996
8,1312.9940000000001
10,1583.949
1,1825.464
3,2017.206
2,2277.533
5,481.673
4,576.348
4,782.864
5,1906.421
2,1001.61
4,2506.557
5,1374.9940000000001
9,1726.766
5,1655.2060000000001
8,2098.022
6,1863.2179999999998
3,1098.004
7,2135.323
2,1799.132
4,1805.676
6,928.259
6,987.644
2,1859.142
10,1168.34
10,940.334
5,629.858
1,1658.46
4,1120.138
7,1443.946
7,771.503
10,1150.174
4,1211.99
4,2832.031
10,2321.887
9,765.741
1,1200.685
6,1219.669
1,1787.388
6,1645.556
3,2644.397
1,1656.857
6,3226.581
8,669.808
3,1288.454
9,990.345
9,2320.482
4,745.246
3,1502.63
7,1335.225
9,2153.314
5,2642.386
7,2223.21
9,1186.241
4,517.75
1,1857.767
1,1473.845
3,2459.057
7,1787.784
8,2625.8940000000002
7,1878.53
