0.0
0.04155528554070468
0.08926056338028243
0.1386378961564401
0.16668628605061733
0.19722684414864147
0.2181240063593013
0.22996878251821115
0.24257274119448802
0.250099009900991
0.26755092373282785
0.27295423023578347
0.28898796255015524
0.29916849015317176
0.30429874077290375
0.3154761904761886
0.3180355630821319
0.32268907563025023
0.33220618556700765
0.338599348534199
0.34324979789813775
0.3458937198067604
0.3535784895215474
0.35436241610738
0.36193071233942886
0.37164576206765193
0.3755287009063414
0.3799850074962489
0.3913138686131347
0.3947920433996339
0.3972730534624996
0.40841446453406866
0.41059556786702955
0.41397590361445136
0.4205733558178677
0.4223193277310849
0.4238605898123249
0.42756324900132403
0.4337577538360999
0.4368591823491154
0.4390953150242241
0.44219301058030547
0.4468759911195597
0.4487357774968305
0.45405405405404436
0.45765321835539513
0.46568154402894013
0.4679075352746819
0.47179028894845554
0.47693211871876684
0.4814943527367394
0.4848018249215733
0.4907765629380307
0.49368567454797063
0.4962434877981769
0.5035350830208748
0.5061517976031816
0.5134755463059173
0.5156395649922177
0.5161734693877408
0.5187325728770454
0.5205756122191226
0.5218655967903575
0.5261804697156871
0.5290543851053295
0.5307317073170624
0.5327992231123952
0.5347195357833551
0.5357590361445683
0.5379012937230381
0.5412128418549254
0.5431534291774601
0.5439924758993567
0.5452754982414921
0.5467693025425625
0.5487929433611806
0.5516797054762929
0.5535501603298144
0.5547738693467268
0.5563793495565091
0.5569936421434992
0.5585161728115745
0.560638058863171
0.5625139789756148
0.5641538803646817
0.5643173758865194
0.5660493827160447
0.5676173760421196
0.5692240437158428
0.5704154883619712
0.5717198004771159
0.5723482393605487
0.5741935483870927
0.5745649838882882
0.575530319262906
0.576739223218093
0.5785896346643976
0.5826594414339302
0.5846090194455941
0.5854695562435506
0.586839399547605
0.5859713701431496
0.5872019563888327
0.5888596313550751
0.5901149889045809
0.5907772855416848
0.5923862953315988
0.593857199840449
0.5951926897099747
0.5965987739766689
0.5972764949674393
0.5976830944433563
0.5989827856025067
0.600311830052624
0.6010888586428182
0.6020158945532109
0.6031280169917004
0.6044239276784027
0.6054468738013074
0.6063886763580751
0.6074370709382182
0.60836501901141
0.6096499526963142
0.6156192576258812
0.6166361304507229
0.618161925601759
0.6178882438316486
0.6183662380003708
0.619013193565886
0.6204382183908135
0.6217173524150357
0.6227572677010969
0.6240582800284383
0.6259455638034731
0.6267677658261421
0.6282204282204373
0.6291265534745409
0.6298689956331969
0.6324529604695426
0.6330461750516989
0.6340549828178798
0.6337675694206479
0.6345476312639065
0.6359210078311307
0.6372668701254767
0.6387575962187811
0.63962962962964
0.6405037783375418
0.6411114830934149
0.6417960273744054
0.6427762982689851
0.6435633709356441
0.644899306701892
0.6457537853851318
0.64612097304406
0.6471512770137626
0.6485164656015754
0.6497400909681713
0.6505508749189991
0.6512289780077721
0.652341863833907
0.65344440884333
0.6545744850710628
0.6550844756136542
0.6558398220244824
0.656322386165329
0.657039026702492
0.6577105014191221
0.6587829360100497
0.6595651493821488
0.6599003735990168
0.6604001861330988
0.6608951525476363
0.6614623589426631
0.6622965919558025
0.6631143775838458
0.6632899770466867
0.6635573845450543
0.6638614613398308
0.6642943670502892
0.6639334341906369
0.6635379061372005
0.6640144122504293
0.6647296690130464
0.6654616074096372
0.6663488753165666
0.666636931311346
0.6670916098428871
0.6682617043272954
0.6688669515249915
0.6700117370892194
0.6706140350877372
0.6712576597607416
0.6718695398951839
0.6725108853410923
0.6726114649681718
0.6731108221355485
0.6739193083573677
0.6747486354496026
0.6746122917863487
0.6746819156540576
0.6754695503699683
0.6760499432463308
0.6765089260413912
0.6768425519875712
0.6773901991244373
0.6781065088757595
0.6785141409877784
0.6790802019069188
0.6790430889759574
0.679916317991652
0.680384240568028
0.681321121287836
0.6819653979238958
0.6824488667772454
0.682077421132407
0.681468243057484
0.6818356164383758
0.6823513328776684
0.683233369683771
0.6837506804572869
0.6841619125237905
0.6844619351336878
0.6847113038764091
0.6853975121687598
0.6862533692722572
0.6866980497646469
0.6868015543347377
0.6868308351177929
0.6873781220782889
0.6878100826887369
0.6884456854141937
0.6890274645084452
0.6894952973904029
0.6898531551792767
0.6901914191419346
0.6910023677979685
0.6918153200419933
0.6920094314907201
0.6924402663533309
0.6929353493222317
0.693591576758113
0.6942549604461371
0.6947014732489232
0.6952074207678653
0.6954574700810927
0.6959312026697695
0.6961691223574857
0.6963833865814925
0.6969271962259568
0.697454823110229
0.6980327452722657
0.6988744150752729
0.6996722964457001
0.7002639849151711
0.7006144200627196
0.7010515773660727
0.701157724386928
0.7017509002856319
0.7020711893836281
0.7025609303476674
0.7028048931175332
0.7036088188200761
0.7041042025067829
0.7047630708950903
0.7052888726029319
0.7060185185185434
0.7066245289899361
0.7076065891473114
0.7084541062802179
0.7090142202940714
0.7092572529192495
0.7096851718337185
0.7100263852242993
0.7097152428810974
0.7101421574483588
0.7103645461043858
0.7108680142687532
0.7110160427807741
0.7114824031283585
0.712111544369635
0.712427711554375
0.713129411764732
0.713685446009416
0.7138670730278074
0.7142656524283472
0.714605954465876
0.715408768461476
0.7158407798538046
0.7163926834915763
0.7168765161141547
0.7172318339100621
0.7179487179487457
0.7181517398745297
0.718537918469626
0.7192098092643343
0.7202164843838389
0.7207424071991303
0.7210691823899672
0.7211659192825416
0.7214957456337072
0.7220198860462823
0.7224785467513958
0.7227414330218376
0.7229367988448605
0.7234688226824988
0.7237389380531286
0.7241942604856824
0.7244846213207236
0.7247910250770222
0.7254523522316358
0.7258862144420446
0.7262227074236124
0.7265074691964116
0.7269009028609044
0.7270434782609015
0.7272470996422311
0.7276779917767039
0.7283063646170768
0.7283421307767214
0.7284486463257744
0.728922252010757
0.7294168004280694
0.7294105083298065
0.7295723578970148
0.7297400937367182
0.7299276287782367
0.7302231668438164
0.730318471337613
0.7307203389830841
0.7311700665891887
0.7314189189189522
0.7317114270669107
0.7320294426919367
0.7326340081821376
0.7329005235602429
0.7320025083612373
0.7323532478365471
0.7322929671244621
0.7325504053211734
0.7332853766314198
0.7337843378434141
0.7341246290801544
0.7345387680049391
0.7348296266068507
0.7354635188766002
0.736012959400664
0.7362726261503043
0.7363279282909021
0.7369235406410496
0.7376990800277374
0.7379446640316599
0.7382413895194314
0.7387068201949024
0.7391653605016073
0.7392972496819424
0.7394976053172131
0.7397463414634544
0.740237492700059
0.7404007002529086
0.7407903679969327
0.7407012785742366
0.7410558886095936
0.7413137841227379
0.741632967456232
0.7419844395351478
0.7420714764779566
0.7423271823310483
0.742565180021052
0.7430722317515185
0.7432483834157891
0.7428815004262982
0.743259329239531
0.7434101208459625
0.7435578192794223
0.7434242709313676
0.7436865839910219
0.7436099390530181
0.7437699081881617
0.7440508458734875
0.744500372856119
0.7449283454308989
0.745121724586549
0.745284069810661
0.7456163113994847
0.745678099288199
0.7454696438457692
0.7457108633557955
0.7455699696384624
0.7457882180216971
0.7467908154041242
0.7476642205119344
0.7479542612113943
0.7483681112894904
0.748642151188705
0.7486364040153098
0.7489308845710534
0.7491624567934363
0.7497099666022393
0.7498683517641105
0.7500482329211852
0.7504986876640655
0.7508995633188006
0.7512335454624934
0.7516575306708657
0.7520798957881248
0.7524791955617419
0.7527873961219056
0.7529869456211852
0.7533149171270933
0.7535665058580502
0.753900404231551
0.7541527097827228
0.7543254376931204
0.7545384417588271
0.7546022775922797
0.7549666609677067
0.7552672016390841
0.7554816709292608
0.7548244495452028
0.7549314836745216
0.7551575568133978
0.7555274475082373
0.7556285257219995
0.7558004542777981
0.756230594948408
0.7566010883214879
0.7569469988296417
0.7569449081803151
0.7572653842951256
0.757390146471385
0.7576165544752064
0.7583510899852521
0.758773006134973
0.7588951540410265
0.7591543547465546
0.7591919850126284
0.7595087034325718
0.7594794631964243
0.7590684086667242
0.7595076125688403
0.7598253275109201
0.760045237902903
0.7602675693101244
0.7606404376860586
0.7607783227466448
0.7609991165368258
0.7611298346974819
0.7614725890356151
0.761710631494805
0.7618880281127713
0.7621000558525499
0.7622099976082284
0.7626441320486445
0.7627452525411657
0.7629752066115648
0.763204654453961
0.7634893216080346
0.76377322982827
0.7640166053105605
0.7640929359305262
0.7643197624443162
0.764533250078045
0.7636954503249704
0.7639600920951545
0.7642063309572975
0.7645005740528021
0.7646079853423818
0.7648368405001416
0.7648564247086492
0.7651254752851598
0.765375265876622
0.7656223924751459
0.7657900719969568
0.7659574468084988
0.7660494293704052
0.766236315590776
0.7665711700844261
0.7667595451464587
0.7669675090252572
0.7671321321321186
0.7673965206958473
0.7677119976049558
0.7678768862991046
0.7681933462628534
0.7683802711965286
0.7685816341717372
0.7687778768956142
0.769181690036338
0.7694199570338391
0.7697122142487085
0.770049450143906
0.7701496939753543
0.7704587291068241
0.7705960264900499
0.7707733019699923
0.7709606345475745
0.7711267605633634
0.7713720896177888
0.7715435259692581
0.7717208622579287
0.7718227607854404
0.7717786042441293
0.7718472080478017
0.7719860221316058
0.7721596278258147
0.7723271353863838
0.772557262974755
0.7727134477514461
0.7724805082298376
0.7726689262277138
0.7725766959527373
0.7724742935212271
0.7725913740075582
0.7728447968002048
0.7729452054794285
0.772986457590853
0.7728637495552952
0.7731334801448938
0.7734090102873125
0.7735469237311926
0.7735031847133513
0.77373109006077
0.7738436551090775
0.7740369690983241
0.7741839971800949
0.7744105848405688
0.774637986784735
0.7749649172045774
0.7744609353122116
0.7745469810396437
0.7746224832214503
0.7748935278921751
0.7749703522845918
0.7753220527818132
0.7755425709515594
0.7756700458269421
0.7758486905916314
0.7760066417600388
0.7760874075098264
0.7760143527463148
0.7761786600495996
0.775900962861044
0.7761296525202291
0.7763955561651059
0.7765237638679334
0.7767410042413164
0.7769183464297615
0.7767343600926505
0.7768455461726744
0.776912605499561
0.7771249830001055
0.7769790038730415
0.7770838989953537
0.7773574672903227
0.7774141195563656
0.7774461476129068
0.7775828328496887
0.7777163655971645
0.7779049414298862
0.7779601722281707
0.7781495666196012
0.7783743875427561
0.7784976525821277
0.7786623776973276
0.778538934974547
0.7787546766434743
0.7787990114220509
0.7779630494230333
0.7779909405808376
0.778060138371443
0.7781634417181682
0.7779328680624481
0.7779002589813091
0.7777350484020376
0.7780628099173232
0.7782298546895318
0.7785078171383013
0.778610964681043
0.7787144362486503
0.7789224393131705
0.7790772461770359
0.7791407018694322
0.7793171243200402
0.7794629993450879
0.7795536357091098
0.7797375807820006
0.779725848563934
0.7793287715868015
0.7795078765785359
0.779578563995803
0.7796815079622663
0.7797428905336621
0.7798534085749146
0.7799507835772208
0.7801241432820016
0.7801783176120582
0.7803395081649414
0.7804494816150063
0.780510709461596
0.7804583681067878
0.7805835203590527
0.7808249007300772
0.780898732556614
0.7808988045770898
0.7811670071501159
0.7813265306122074
0.781344044886471
0.7814729867481786
0.7815325914149067
0.7818124087127329
0.782047703628483
0.7822500950208666
0.7824028358019622
0.7826180393147963
0.7826987434488473
0.7825214538111682
0.7826777609681915
0.7827833753148229
0.7829621240719382
0.7831008920718293
0.7832465332245324
0.7833490063318521
0.7832623935903464
0.7833364608744214
0.7833645560134487
0.7834643703980635
0.7833541147131773
0.7834329845540208
0.7836920014926829
0.7838687628160912
0.7839548303033663
0.7841462658815836
0.7837817776952648
0.7839718240236866
0.7841377607702346
0.7842994573260569
0.7845007084333973
0.7846097020437907
0.7847696376944906
0.7849800429843
0.7850356002945817
0.7848282618012192
0.7848950364158952
0.7850284386275647
0.7851607382960096
0.7852548062251634
0.785439912200433
0.7855568410156056
0.7857307949637666
0.785716890536637
0.7858522071770772
0.785975979619027
0.7860944414135466
0.7861530074504375
0.7862657308808849
0.786390282226341
0.7865644616127028
0.7866144106119541
0.7866305655835897
0.7868356254879137
0.7857812592723982
0.785964912280653
0.7861186781949056
0.7861037194724834
0.7864021662349379
0.7865042946228453
0.7866188488446776
0.7868685090652532
0.7871281330521847
0.7870790458371784
0.7870764197241817
0.7872198879551291
0.7873374919838563
0.7872563281931388
0.7874578635359227
0.7875602532086116
0.7877269299924062
0.7878317302120218
0.7878476036306329
0.7879831301634442
0.7881096681096135
0.7882468281429672
0.7884345121529228
0.7884728213977015
0.7882893226176255
0.78849167762964
0.7886374028348762
0.7887087567073293
0.7888933234505381
0.7885698005697434
0.7886712968233515
0.7886595006539835
0.7887272727272151
0.7888731195003682
0.7887534720253382
0.7888750424832326
0.7889612227568065
0.7889661409755798
0.7889679313459227
0.7890525365385125
0.7891015537040622
0.7892694449130507
0.7894257781772644
0.7895570153275475
0.7898525536804927
0.7900772762906791
0.7902187902187313
0.7901864463547472
0.7903885822600734
0.7906267393965788
0.7907553676715393
0.7908267081780693
0.7909328296015851
0.7911074104911979
0.7913495575220629
0.791515218472015
0.7913354225080471
0.7914503649233853
0.7915323022923577
0.7917063818131386
0.79181171319096
0.7918476774087013
0.7920078718634905
0.7921673585317255
0.7922820806723885
0.7923647469458351
0.7924787442772416
0.7925596529283513
0.7927044433619518
0.7928177393184844
0.793009184224677
0.7932221682585275
0.7933678421222246
0.7935581169879766
0.793803453283781
0.7939384168949843
0.7941053309711045
0.7943068510774504
0.7943992289568836
0.7945223066223787
0.7945674259436821
0.7945016815245147
0.7945677694769869
0.7946467608637019
0.7947587088526006
0.7949449263022788
0.7950836209184344
0.795116513615304
0.7950230317148679
0.7951441417613702
0.7952093908628755
0.7949508820111283
0.7951252967554046
0.7951618003583161
0.7951994946835823
0.7954258675078177
0.7955235643355589
0.7956745406823461
0.7957339762066293
0.7958959325759665
0.7959529411764018
0.7961130557441455
0.7962744586485092
0.7964023150319975
0.7965722025421274
0.796657816648377
0.7967008377997957
0.7967857700108532
0.7965834155459095
0.7964622886190826
0.794924589488788
0.7950883682695573
0.7951940850276573
0.7951848049280625
0.7953521630317485
0.7955594031674175
0.7956846979796741
0.795801138674185
0.795916501599805
0.7958910363718644
0.7956728820428941
0.7958624178046813
0.795945809321532
0.7961416090095728
0.7962342251387455
0.7962962962962231
0.7964404557829258
0.7965334811305764
0.796566480390603
0.7966894747433363
0.7968325791854477
0.7969559975888362
0.7970694500199997
0.7971830985914765
0.7969878316376673
0.7971499750871202
0.7973320059730465
0.7974278762599175
0.7975391942845048
0.7975895248486499
0.7977205153616688
0.7978214586323945
0.7980216627923472
0.7981219729167969
0.7982217831562591
0.798331440983288
0.7984112103418596
0.7985205641581256
0.7984642646189438
0.7985340417157845
0.7986351139040871
0.7987676659004549
0.7983595418364521
0.7985261320662395
0.7985859564163797
0.7988392900323181
0.7989365815931091
0.7990822586097783
0.799073493220008
0.7986212880832158
0.7985646163478749
0.7987102983637261
0.798749639318949
0.7988853120644895
0.7988864890807874
0.7989832621935735
0.7991662673693436
0.7992541238344812
0.7993692961917996
0.7994749152703311
0.7996853096837918
0.7997713196759485
0.7998666730154831
0.7999999999999123
0.8000379560657648
0.8001232402710393
0.8003314237014401
0.8004353174977814
0.8004823835421191
0.8004346388244955
0.8006134679816004
0.8004619155353552
0.8005178420110197
0.8005553202502743
0.8006020696142085
0.800705152312809
0.8005353369334621
0.8006661662599959
0.8007315357560643
0.8008808508643616
0.8009554587606234
0.80047572407994
0.8005589975310002
0.8006982265045842
0.8006887565151704
0.8006970260222102
0.8007617278215495
0.8007798356773874
0.8008627487359317
0.8008890946977507
0.8009532623784322
0.8010359818702212
0.8008865084494379
0.800982011747331
0.80104558378418
0.8010991023996067
0.8011527904848033
0.8012707409607257
0.8014157837046856
0.8015679124885039
0.8016577101738669
0.8018104899239304
0.801927535572931
0.8008348457349256
0.8009788371775843
0.8010597346133667
0.8011041723231849
0.8012026403832957
0.8011467786355012
0.8012983500134211
0.8013694310553493
0.8014044564482418
0.8014934772828469
0.8015823780623819
0.8016701086467483
0.8018833236176703
0.8019449672850077
0.8020422787530304
0.8021123293800696
0.8021295633499307
0.8022798390700783
0.802376166867553
0.802490182077724
0.8025687909734485
0.8026917420561359
0.8026904231624781
0.8027865568661309
0.802508115800135
0.8025868966129271
0.8026640618061284
0.8027600283989005
0.8028009218222659
0.8029317980512669
0.8030096485791628
0.8029176428980864
0.8029865252925826
0.8031081677703138
0.8031860906402015
0.8033408259507955
0.8033575677460938
0.8034330985914432
0.8035098522166425
0.8031255471895234
0.8032282052402551
0.8033400367228063
0.8032228481591969
0.8032914265757574
0.8034159731600988
0.8033350748866873
0.8033927794692225
0.8034942848449484
0.8035956227200545
0.803723150357883
0.8038416511294025
0.8038748266295686
0.803941782898614
0.804051772650422
0.8040410158783972
0.8041153330738506
0.8037989404314657
0.8036146133653475
0.8037143716949959
0.8037842708198085
0.8038682562825833
0.8039161917818787
0.8035200136698356
0.8036006825937358
0.8037168066151128
0.803791590337714
0.8039584574783842
0.8039811152225405
0.804089092918352
0.8041553365056572
0.8042632696389446
0.8043194161573802
0.8043835848735429
0.8045398721042275
0.8046210486224501
0.8043202570171256
0.8044607781015132
0.8046160337551526
0.8047937992332072
0.8049242424241204
0.8050048366066828
0.8051926227785192
0.8052812762383329
0.8053704791473142
0.8055497338306193
0.805622119815546
0.8057709195833674
0.8058341691740664
0.8059223990309091
0.8059945731578817
0.8061235556666689
0.8062119569747791
0.8062598983077874
0.8062874750165324
0.8064159107929201
0.8064872957124397
0.8066068312140379
0.8066738607120868
0.8068416469708927
0.8069114112868573
0.8070458685211546
0.8070967741934242
0.8071897855459275
0.8071973917707471
0.807177625608323
0.8072565350044101
0.8074223576899646
0.8075957700694136
0.8075761938056579
0.8076487019387506
0.8076945185792216
0.8076730540395113
0.8078061580089757
0.8078971082164709
0.8080144079242322
0.8081158471732355
0.8081854607897994
0.8083163140265055
0.8083740234373717
0.8084197681511834
0.808558192457609
0.8086878856770395
0.8087732824735965
0.808742194469095
0.8088323474595583
0.8087442312362085
0.8087896078668132
0.8087413577001102
0.8086840509398353
0.8084628739854174
0.8084866085832862
0.808578569700751
0.8086735926551026
0.8087232418971355
0.8088403995024975
0.8089156143514438
0.8088579208712459
0.8089072065942436
0.8090363854456913
0.8091196099587076
0.8092393691354256
0.8093299338696799
0.8093971490004261
0.8094442455343396
0.8095711276281525
0.8096432398109714
0.8097676999919393
0.8098276203684034
0.8099390195611252
0.8100882224946258
0.8102004507174576
0.810266339998287
0.8104078651240435
0.8105038866746892
0.8104595254984087
0.8105093157914136
0.81052921503036
0.8106016515924733
0.8106487484772128
0.8107305577374937
0.8108186561015406
0.8109891832574296
0.8110976230566068
0.8111628635170287
0.8112592360919721
0.8113615940612054
0.8114642717687057
0.8115374107176361
0.8117202121021737
0.8117101675105779
0.8118109623169002
0.8113963438349495
0.8113382032948615
0.8114294588087798
0.8112848771778708
0.8113636363635025
0.8114651162789359
0.8116252952792683
0.8116262868641746
0.8116964492920453
0.8117224047939893
0.8116910229643753
0.8112218103180623
0.8113348765430762
0.8114285714284378
0.8115080741510207
0.8115938679607323
0.811665511665378
0.8116986069420661
0.8116620541204078
0.8116770377197711
0.8118067017232763
0.811948310901358
0.8120703529139944
0.8121618001605947
0.8122380296770879
0.8123370915343586
0.8123491675575255
0.8123964734169106
0.812492373398279
0.8125743026976247
0.8125546889859779
0.8126402251206005
0.8127360462022275
0.8128321943810334
0.8129098360654379
0.8129526409584199
0.8130919009014473
0.8131318868566172
0.8132152588554495
0.813262719878812
0.813299561469696
0.8133051263645644
0.8133610271901958
0.8134440460462873
0.8135204466574762
0.8135645617340764
0.8136687125803505
0.8136765646756373
0.8138016622164025
0.8133984228312566
0.8134659410769886
0.8135328757359572
0.8135813116350953
0.8133997453372913
0.8134551308448337
0.8135239306962673
0.8136270146963969
0.8138139708627697
0.8140218648556526
0.8140630825440436
0.8142000372507482
0.8143170904216332
0.814405833767257
0.814471629359572
0.8145580202874567
0.8146384938169379
0.8147213771609524
0.8147667433062489
0.8149372059421445
0.8150042562639733
0.8150465356772145
0.8151194123508272
0.8151865107182326
0.8152739877570712
0.8153471915080441
0.815398784306364
0.8155148303524047
0.8155843200704654
0.8155927219259781
0.81565140715689
0.8157179581342722
0.8157427123869677
0.8158429645935141
0.8159240107087772
0.8160272617344994
0.8161192280931641
0.8161487500456137
0.816214042910786
0.8156121070501369
0.8156109671058448
0.8155041587624474
0.8154502058811421
0.8154523939558045
0.8154893183388349
