0.0
0.0
0.049158547387068194
0.10405709992486852
0.14823609226594311
0.16819072501632923
0.17168481742472777
0.17647058823529416
0.19145666871542721
0.1869871043376319
0.2019886363636364
0.2081485587583149
0.2204618689581096
0.23277608915906792
0.24100899100899104
0.24653121902874137
0.2508393285371703
0.25719000471475717
0.26118391323994583
0.2662628981606102
0.2720458553791889
0.2745311818578284
0.2774925117672231
0.276243093922652
0.2822445561139029
0.2891814068284657
0.2939393939393939
0.2990876636255454
0.30495900039047236
0.3070243149363179
0.3096427199385324
0.3148428625520637
0.3173076923076923
0.3182481751824814
0.32264492753623153
0.3249729339588592
0.32492846924177354
0.32689581856839095
0.33140147523709157
0.33426573426573397
0.3384986225895315
0.33724489795918344
0.3407707910750505
0.3415991902834005
0.34476413516226123
0.34710193204530276
0.3516935218678063
0.3552161195970097
0.3528852251109698
0.3570087609511886
0.3602100710534442
0.36450729927007264
0.3668988491823134
0.36980108499095804
0.36687444345503084
0.367785630153121
0.37134502923976576
0.37583212735166394
0.37814285714285684
0.3788564958958389
0.37838214783821444
0.37586206896551694
0.3782262493135637
0.38180112570356445
0.38462563282707135
0.38677993097955904
0.38960526315789445
0.3926701570680625
0.39357534604335304
0.3957087126137838
0.39997418688693825
0.4021599382874772
0.4043288934426227
0.40566037735849025
0.407894736842105
0.41063348416289563
0.4141502370851008
0.4160656553096242
0.4174721189591075
0.4180428888341136
0.4193508728792719
0.4201557935735148
0.4226204892225718
0.4254269906182341
0.4283321368748503
0.4294902334444972
0.4316512674721628
0.43268327067669143
0.43472676319476855
0.43619003260363276
0.43741291221551304
0.43834028743625386
0.4401875571820673
0.4406992687385736
0.43961024246544267
0.44094399277326074
0.44359550561797717
0.4453509164059003
0.44651990215699316
0.44763700909695986
0.4493586908447585
0.45074922873512513
0.4524174141325744
0.45393160531474575
0.45549283543204466
0.45672350528814976
0.4582616179001716
0.45933476394849737
0.46056006840530095
0.4625452223877416
0.46269132653061174
0.46442938810078294
0.4668141592920349
0.46729758149316464
0.4686582809224314
0.46989337236044276
0.4714464360150058
0.4731048805815156
0.4743058433485283
0.47533401849948564
0.4765354009385835
0.47772579332790843
0.4787578393688039
0.48098208895149885
0.48235058162855954
0.4840223686838422
0.48556639458490897
0.4860973187686192
0.48691774033696683
0.4873567759778739
0.48948092803775023
0.49108891500195806
0.4918080748976005
0.4910377358490562
0.49258911819887385
0.4943935712950846
0.4961832061068698
0.49684190971577147
0.4987051424343318
0.4987106281083068
0.4990817263544532
0.4988984762254448
0.4993593263774479
0.5009097525473069
0.5022673680391796
0.5038379150303451
0.5048897581792308
0.505497428622095
0.506453323903818
0.5069689484827091
0.5083494462998763
0.5085814360770572
0.5092592592592585
0.5107086888385857
0.511553161917998
0.511440457618304
0.5098712446351924
0.509528671090692
0.5101937657961242
0.5115106704755498
0.5129750544115185
0.5144310977644313
0.5160405585106385
0.5158427339084275
0.5167962932318387
0.517509084902544
0.517513566847558
0.518369690011481
0.5196702579170749
0.5184078798643634
0.5194878402319218
0.5207998715065857
0.5219270166453267
0.522658369235679
0.5235668789808917
0.5246188055908512
0.5250277205765879
0.5250513671566304
0.5257927117841931
0.526655134455103
0.5266583032774032
0.5259477936606585
0.5266584004959696
0.5233958238073463
0.5237300985595145
0.5245876834619455
0.5245802450461349
0.5244544770504129
0.5255775577557746
0.5259886159376862
0.5273215885338897
0.5280840286054815
0.5284082480344153
0.5291679005034045
0.5297768582828423
0.5298287064382742
0.5312131919905759
0.5285797608632239
0.5295999999999984
0.5298008431458046
0.5304259634888424
0.5310066339775009
0.5315243990211592
0.5308641975308631
0.5318006016330029
0.5322327044025149
0.532758866258367
0.5328685258964135
0.5337310041187325
0.5321463897131545
0.531632222690847
0.5321538893569214
0.5326692672053494
0.5335743083553451
0.5335272928789134
0.5340893375743324
0.5340799115166593
0.5348484848484846
0.5357584076870276
0.5372194854953471
0.5375631744297221
0.5383094751192906
0.53841961852861
0.5390423071690924
0.5391439794121626
0.5399108589951374
0.5412010232933887
0.5417507059298101
0.5424490343347635
0.543038821954484
0.5437683480117423
0.5437275029995998
0.5447057260528763
0.5455810255730754
0.5459838560275242
0.5454965053408941
0.5461427066877304
0.5472255017709563
0.5464827405857741
0.5471808927173062
0.5479478827361564
0.5483283465591258
0.5493186242699546
0.55001295672454
0.5508792345487458
0.5520309477756287
0.5524385535967057
0.553030303030303
0.5532650448143406
0.553229512381925
0.5537716615698267
0.5543616480162767
0.5543367993913264
0.5543888329979879
0.5529008109794136
0.5535002491280518
0.554028848545138
0.5545138457717621
0.5557342570827662
0.5563858695652174
0.5566235366605052
0.5571270446439552
0.5576167076167076
0.5579639551875304
0.5583515681983954
0.5590340978036646
0.5598207798498426
0.5600072297867212
0.5603220379716414
0.5444897959183672
0.545639534883721
0.5460610279614804
0.5465748669289514
0.5470608615313546
0.5474763770454018
0.5472382048331411
0.5477531318239278
0.5485258689916251
0.5490611403709635
0.5494166094715164
0.5499828630183933
0.5497450424929176
0.5502319266885393
0.5507958008804602
0.5519027246115734
0.5522824375983805
0.5528856950370534
0.5521661256017013
0.5527815013404823
0.5534678858162351
0.5542570951585972
0.554465270121279
0.5549928437740835
0.5531103606057307
0.5539306295531153
0.554294711695081
0.5549593495934957
0.556131820637493
0.555974571705635
0.5562849763237191
0.55674368619022
0.5570999248685197
0.5576510930132875
0.5582923701645647
0.558886281203328
0.5593843204090324
0.5598276962348433
0.5601891202719929
0.5606366047745354
0.5615140285865532
0.5616546914623833
0.5620195851321469
0.5624211190576356
0.5629987400251993
0.563685920956075
0.5639924591537495
0.5648061043169227
0.5648679678530424
0.5651969981238273
0.565803162713275
0.5665663588253603
0.566911993365813
0.5664841409236492
0.5668763535113952
0.5674729799279462
0.5674024640657076
0.5675661809973314
0.5672703089830156
0.5675786035116364
0.567135289323552
0.5675551938142216
0.5682072117826291
0.5685827250608256
0.5692377771029438
0.5693574459486747
0.569944528492182
0.5702778896496158
0.5706030150753751
0.5709768095572716
0.5712567648827404
0.5704162092025139
0.5703218116805708
0.570769688553857
0.5713508164275096
0.5719648325595165
0.5724980299448372
0.5733588836477974
0.5737182629153986
0.5737785175756372
0.5743890518084054
0.5749098352665937
0.5755689554561355
0.575779656076944
0.5751865129347913
0.5758967417577088
0.5761005082957688
0.5753228120516478
0.5753987202750432
0.5760579489134559
0.5760383993916905
0.5763500047451815
0.5767516829430148
0.5766323348766871
0.5769303379271267
0.5775139006691149
0.5777233782129724
0.578123531070789
0.5786706721742377
0.578910352588145
0.5788241902265474
0.5794785534062219
0.5798264439675264
0.5806586659224096
0.581079825295045
0.5814849187935014
0.5817338896615649
0.5811661267931493
0.5815071659731832
0.5820716395864084
0.5826419616519154
0.5828421440412579
0.5837160176340903
0.5840902835122465
0.584387605427207
0.5842095638657745
0.5838200401533105
0.5839106654512283
0.5841147018661788
0.5845985998727135
0.5847257537232089
0.5856508741733828
0.5864732989970157
0.5869722121977601
0.5869858092329778
0.5874966364696362
0.5879985691289545
0.5882510490134785
0.5879208979155509
0.5883085683779674
0.5886795805935643
0.5888347363757178
0.5889897743300402
0.5895496129486256
0.5900825720309186
0.5907217398930087
0.591529576478822
0.5918100061119338
0.5921855921855904
0.5922600889043828
0.5925458815343119
0.5928838300460496
0.5932835820895507
0.593804159445406
0.5938934603724544
0.5942988147763636
0.5945303724185592
0.5946294861864174
0.5949742268041223
0.5952013048330314
0.5951401388531741
0.5958857240612424
0.5961899880403201
0.5967948171511371
0.5970460543117383
0.5974832072102703
0.5979460193515523
0.5985515839403686
0.5989341003299207
0.599222447599729
0.5994603254911876
0.5996207332490512
0.6002103491796374
0.6009990764839218
0.6015258215962436
0.6019921319159615
0.6021082573412525
0.6027803289638466
0.6029374947842769
0.603251354731137
0.6035544826438015
0.6041874376869382
0.6044813278008286
0.604652127042042
0.6014195454172454
0.6017372777185913
0.6014563901161816
0.6019040614529682
0.6022439820481413
0.602648736756314
0.6030608922175167
0.6031862147443694
0.6032732293697187
0.6039371354504194
0.6036980093866305
0.6041347007994815
0.6043295976779792
0.604612783770727
0.6048737333118843
0.605478463142694
0.6055711422845663
0.6059417040358717
0.6053031514957581
0.6057592459461595
0.6066448888534755
0.6067594433399579
0.6070833002461661
0.6074940523394109
0.608010765455551
0.6082812623586153
0.6084266120132412
0.6086323575700329
0.6089229559748411
0.6093136485000771
0.6095809792843679
0.6095476993023425
0.6098324722091736
0.6102251407129444
0.610664376610195
0.6109594383775341
0.6113967437874888
0.611849778399813
0.6120174007612832
0.6123373605947959
0.6126962035104002
0.6130078788815083
0.6131893559583498
0.6135680715001158
0.6138530135301358
0.6131844600795352
0.6136276831410896
0.6139969488939744
0.6144500304692264
0.6149311630029668
0.6151713135303504
0.615477996965099
0.6158361102696154
0.6160018166679284
0.6159863945578232
0.616365969653507
0.6167131759559551
0.6166691797346208
0.6168914337376636
0.6170669276518865
0.6173020527859244
0.6176603093557598
0.6179956492386175
0.6183037386678661
0.6185717493824395
0.6189231573444858
0.6193406429477145
0.6191416436927211
0.6193346729180628
0.6198350178359103
0.6202226345083495
0.6203676252594137
0.6202531645569627
0.620396391066411
0.6208831782602281
0.6213126843657824
0.6214443625644811
0.6216594272252086
0.6220408763417151
0.6224482302834491
0.6225418256530679
0.6226553341148893
0.6229430264023995
0.6232746658876805
0.6235418489355504
0.6232617400800881
0.6234172609518271
0.6232289471772149
0.6230580244237307
0.623231302339013
0.6232244574230305
0.6236497191415821
0.623652823681564
0.6240941379062932
0.6244355243351738
0.6246149437638806
0.6246958637469593
0.6250804088342512
0.625160553731983
0.6255878580590002
0.6251422070534705
0.6254262574595062
0.6253280374494652
0.625495750708216
0.6258573145725808
0.6260412254694345
0.625669391206314
0.6252989168659452
0.6251142194419069
0.6253862359550568
0.6256485766372184
0.625708686218241
0.6260139860139866
0.6258643570580436
0.6261512698855713
0.6260536398467439
0.6264179831581884
0.6265558723315492
0.6264323911382741
0.6263778162911618
0.6265489788854282
0.6267980636237904
0.6270729684908796
0.627064188488911
0.6270344827586213
0.627238908790301
0.6273052573630614
0.6272877390945376
0.6274496321254218
0.6277224321538997
0.6279994515288639
0.6283728256403238
0.628040448209894
0.628429097857241
0.6285889654231746
0.6287641368033798
0.6287647018832013
0.6289227007200114
0.6291624279416758
0.6293284542928785
0.6292986731654487
0.6291925885853401
0.6291500439515862
0.6293144208037831
0.6297308237198954
0.6300215691561074
0.630278133207624
0.6305430320974369
0.6303339829312552
0.6304800268546498
0.6307671673819749
0.6307651114532438
0.6308021104655052
0.6311612085639972
0.6312300106609814
0.6314405538543476
0.6317259727302966
0.6318710535061488
0.6316697637377229
0.6314202399098687
0.6317932084464162
0.6319949728800112
0.6311583674547622
0.6307286515001654
0.6311701987626701
0.6315824074682801
0.6315979516806729
0.632024129565275
0.6321756225425956
0.6324386252045833
0.6327097913532611
0.6325604180274337
0.6328201448235377
0.633111806098515
0.6326139244620691
0.6329155030200694
0.6332792734349665
0.6334846029173425
0.6336739313199256
0.6337573448698914
0.6339850303264943
0.6341329722061011
0.6343192215993304
0.6346785093647428
0.6348675752121374
0.6350362621141139
0.6353178672135356
0.635499359795135
0.635808390892812
0.6359775180430485
0.6355262319117747
0.6356628655157042
0.636065886542865
0.6358757779753594
0.6360839781808961
0.6363031493568221
0.6366858661940635
0.6359613074540058
0.6358644196174973
0.6358386974630827
0.6356989789486959
0.6357651357651364
0.6357057453904732
0.6359406438631796
0.6359552679525042
0.6362352498117003
0.6362867347578175
0.6366197183098598
0.6368809404702357
0.6367868524651633
0.6368486739469584
0.6369811791100591
0.6370365762627525
0.6372280919825984
0.637557432012915
0.6379919429810975
0.6384091612503875
0.6387583477615637
0.639053619965407
0.639236989937651
0.6397892531427168
0.6398607860046821
0.6399901502093086
0.6403185144192344
0.6408753299367754
0.6412150564001967
0.6412610958065509
0.6416778769719952
0.6416885416030773
0.6420949942076708
0.6423222113979548
0.6425139868645104
0.6426315150042528
0.6420475209116263
0.6423554344535277
0.6426064859632146
0.6427276024664497
0.6426932367149765
0.6429260935143296
0.643188667872213
0.643772563176896
0.6439138802020694
0.6440098386225935
0.6442013784836687
0.6444397868135823
0.6447077125590864
0.6449145452372422
0.6449370487499262
0.6450843617718961
0.6452487339886812
0.6449348640770931
0.6450520059435372
0.645147879795701
0.6450741839762619
0.6451603343014647
0.6454879204168646
0.6457556935817811
0.6461447562776963
0.6463141120226646
0.6466497731156821
0.6468875029418691
0.6471850023507292
0.647200375630943
0.6474520612209
0.647682041676423
0.6479943866214483
0.6481914334131951
0.6484206224090621
0.6487810568062528
0.6491233179938258
0.6491595416739375
0.6494743567404313
0.6491528374144137
0.6492377253492553
0.6495946728430808
0.6497801180418937
0.649436579023404
0.6495958429561204
0.6497087154640365
0.6499221857167561
0.6500892702873928
0.6503424066294529
0.6508989603078869
0.650579261298463
0.6506731595531366
0.6508748856358646
0.6510538641686183
0.6514148790506618
0.6517241379310345
0.6512810316423335
0.6515400760111176
0.6517255057516853
0.6521050248981435
0.6523828367912257
0.6525730102242553
0.6523481598554973
0.6525342504369391
0.6524974630736267
0.6522057168579781
0.6522973960969567
0.6525452298011004
0.65297021372076
0.653020021311199
0.653432635233508
0.6536481647269465
0.6537579689072804
0.653867634738899
0.6540627962746074
0.6541569151900137
0.6544756179024709
0.6548360200111166
0.6549827796911446
0.6551226551226543
0.6551981842338344
0.6555518690555179
0.6556924266696119
0.6558567012585552
0.6560500772115587
0.6558834865921472
0.6561124559859147
0.6562225153913799
0.656249999999999
0.6562980030721957
0.6556559846617356
0.6557269445356082
0.6557095313437714
0.6558905304475814
0.6559110481277585
0.6562261891803628
0.6566490951578712
0.6566447974841393
0.6567915944540716
0.6570060074687436
0.6571760761410326
0.6572053581073767
0.6575697103716074
0.6576438267614725
0.6579244673983201
0.6580546295300557
0.6582298887635003
0.6585234899328847
0.6586079210046142
0.6586974001608138
0.6583837626519565
0.6585228793149578
0.6586499919833246
0.6588238436064516
0.6590436035651378
0.6592349901443713
0.6593678497312826
0.659029506807225
0.6591570921798054
0.6594478819609702
0.6595592897907412
0.6593093251663317
0.6595896191581385
0.6597544266441817
0.660077907037953
0.6602220117845115
0.6603932288928607
0.660478916137163
0.6606318219983205
0.6605466086135444
0.6606506705783737
0.6602480246978177
0.6604883404789288
0.6578091106290673
0.6581580033003303
0.6583436404864977
0.6585221421215244
0.6588828309844668
0.6588631340905592
0.659057059216271
0.65919823426753
0.6593741985124398
0.659672047143224
0.6598904193763132
0.6601023017902823
0.6603117812420146
0.6604607212176942
0.6606477939301207
0.6608243745860302
0.6609569865105636
0.6611820355017558
0.6609860012172865
0.661024679470938
0.6611212397447596
0.6612780813600498
0.6613098847786548
0.6616436973093046
0.6619523017193572
0.6622588282706166
0.6623873533705891
0.6622328388232342
0.662462945284631
0.6626838696721729
0.6626944305067742
0.6626134483277346
0.6626910548734659
0.6626451742090516
0.6616591928251133
0.6616123892042637
0.6616893136230164
0.6619424138445485
0.6621205346052579
0.6623727972201552
0.6621574748525855
0.6620919881305649
0.661915114383123
0.662108796524831
0.6620715166461174
0.6621029303127322
0.662345010824642
0.6624066063704299
0.662410372262058
0.6621217323066371
0.6624130498677389
0.6627024910683706
0.6626411773333996
0.6625720425906033
0.6627146760343487
0.6628235752937168
0.6629968823070934
0.6632523964770579
0.6634909833276634
0.6633401320901331
0.6631004366812236
0.6629887727448712
0.6631438935912946
0.6634290132405533
0.6634490081567647
0.66350653736672
0.6637910260735461
0.6640425634358905
0.664140320485059
0.6642318227689946
0.6643776411832506
0.6642668586513085
0.6621170978038213
0.6623107683519003
0.6624958370997679
0.6625071306332012
0.6626277025421725
0.6624982203027868
0.6625960352840757
0.6627647978768789
0.6628138323069646
0.6628891833065214
0.6630013242527442
0.6631867353205172
0.6631954283555317
0.6633875914130705
0.6631705477514864
0.6633696010550624
0.6635285257013759
0.6637663437117874
0.6638615955996439
0.6641303837302157
0.6643993057184421
0.6644089247211038
0.6645270111980522
0.6645057105410987
0.6646161762642108
0.6647045082924565
0.6647371860703963
0.6648407999627068
0.6648118830322232
0.6649760364803883
0.6651324965132508
0.6651721414300992
0.6654055057796769
0.665545711767708
0.6657322893017661
0.6659258230309775
0.6660805182785758
0.6661967273735795
0.6657448377581126
0.665393113607071
0.6653865611921086
0.6655942641786936
0.665426826468293
0.6654809987148896
0.665856789217934
0.6655903636530188
0.6654997254255911
0.6656912948061458
0.6658060683604469
0.6660122363254505
0.6662865483738545
0.6665603353991985
0.6668184301584416
0.6655396205863662
0.6648620486567294
0.6650518404491323
0.6651436326622928
0.665310182673177
0.665355932203389
0.665409117607192
0.6656584352850876
0.6658775252525242
0.6658256364045947
0.6659913560237704
0.6661942682323295
0.6664344151757614
0.6667863877166197
0.6668909825033643
0.667062567228397
0.6666071109522951
0.6666889870987895
0.6667112716891918
0.6668672014260243
0.6670822942643385
0.6673414004804693
0.6675336801387216
0.6676661336176254
0.6677764460425261
0.6679457037661355
0.6680854837279413
0.6682102184605835
0.6682023566935407
0.6682598690033628
0.6684573550868811
0.6685743326851685
0.668741721854304
0.6689528934368378
0.6690748898678406
0.6691247688650166
0.6693136823581165
0.669494505494505
0.6696377607025245
0.6690415643633811
0.6691717791411038
0.6691832983193272
0.669334032970396
0.668613265928702
0.6686849327002655
0.6687701279484726
0.6689500695894224
0.6689051158343112
0.6691853395865902
0.6690748936908791
0.6692824626056796
0.6693537901443245
0.6694808849634153
0.6694500930212437
0.6695695392860233
0.6677286034096787
0.6676989247311833
0.6678335194570919
0.6679759605065471
0.6678242229367638
0.6680162810625541
0.6681084321870588
0.6683424610645221
0.668335258631755
0.6685054522129574
0.668476866501326
0.6684543395581388
0.6684951974386348
0.668678295730798
0.6687412080651358
0.6690650544959139
0.6691839686861824
0.6691176470588249
0.6687831811424945
0.6687102248621142
0.6687012546625989
0.6689532520325214
0.669043588658486
0.6692597133556006
0.6694195674214269
0.6696074292950622
0.669353480932739
0.6695057833859103
0.6698941443333623
0.6699404012423413
0.6700780135894647
0.6703264468004868
0.6706505358338927
0.6705572289156636
0.6704835137281135
0.6699475611786266
0.6698219189481583
0.6699297501766653
0.6699970919363563
0.6698896173956354
0.6699228471876565
0.6697718709891117
0.6696321430049248
0.6698503266352445
0.6700945772931909
0.6695872675545306
0.6697094580671761
0.6697402543942714
0.669833045480715
0.6700431477296086
0.6701301901515474
0.670434497189514
0.6704331063899611
0.6703539823008865
0.6703940362087342
0.6706024392240341
0.6708309479021857
0.670856839179137
0.6710300604476412
0.6708894328845388
0.6709931130037918
0.6711469534050198
0.6711506369815641
0.6712844297977968
0.6712298116431409
0.6713617886178881
0.6715475223395633
0.6717138913696536
0.6718255578093325
0.6719142556122881
0.6720262443805455
0.6721241803610478
0.6722193021469312
0.6722480307008705
0.6718995923967895
0.6718794083269537
0.6720756996174773
0.6723194528263949
0.6721934161340909
0.6721133772282016
0.6722505316374452
0.6723225030084254
0.672478755812091
0.672607128554267
0.6726152368758022
0.6727916183468647
0.6729539641943753
0.67310226410574
0.6731659615231119
0.6733086006063526
0.6735352730171402
0.6734283552972109
0.6735213396444074
0.6736089030206696
0.6730265247776385
0.6730944728802145
0.6732042993693749
0.6729923537102352
0.672842438638165
0.6729452732381008
0.6730480183529802
0.673213721150808
0.6732432752695836
0.6733783410320205
0.6734806629834272
0.6736987381703489
0.6738007961846221
0.6739096174303632
0.6740688243168772
0.6741440377804033
0.6742379547689301
0.6743834432924932
0.6747588046121283
0.6749490515754839
0.6751448934837111
0.675276897186022
0.6754156072755739
0.6753624887638272
0.6754433940151593
0.6755886142673089
0.6758211750019524
0.6759717727786677
0.6761921458625544
0.6762954023435997
0.6765529581080574
0.6766557835820914
0.676831637013443
0.6769045585151839
0.6768347110645417
0.6769120384734738
0.6771612353237512
0.677316912590529
0.6772695611794771
0.6769846486988147
0.6770696452036812
0.677091779605392
0.6772208072856389
0.6773086562560265
0.6774995183972278
0.6776348723478011
0.6778017241379328
0.677767949851942
0.677878147222758
0.6777278488305123
0.6778886756238022
0.6776315789473702
0.6776308223116752
0.6776777160375569
