0.0
0.017993702204228523
0.15667618141452613
0.15891195418754533
0.18942267172355676
0.2026066350710896
0.21062915201250448
0.2175764614789001
0.22774919001334068
0.2336905433352132
0.2544239797760926
0.2680286362842682
0.28215420638902833
0.28986928104575194
0.2951690821256042
0.30537229029217666
0.3073133179368739
0.31042796865581673
0.3189363890113116
0.32282545242265004
0.33017241379310286
0.3329043329043323
0.33673324833545776
0.3424064768285864
0.3487730907085733
0.3559989142236683
0.36016720604099084
0.3676470588235273
0.3707509881422904
0.3754413495488406
0.37368690750704425
0.37909240298318614
0.3769240241349566
0.3825136612021844
0.3888292158968847
0.3887901410119674
0.39014755431625275
0.39275862068965406
0.39760683760683657
0.40133514369766826
0.4037638043723228
0.4055779569892463
0.40618101545253793
0.4076015727391869
0.4117015566290925
0.4127288207747973
0.4140285536933572
0.4191610669924659
0.4220229197807671
0.42547505938242275
0.4302461899179372
0.43235093862464796
0.4319560820572093
0.4319593450028224
0.43391451068616343
0.43920480813684676
0.44307608100711604
0.4474182211408496
0.44881818998831746
0.4516992239764525
0.4526540410776216
0.45482700645960633
0.4521253382211757
0.45541346973572167
0.4580159133231775
0.4594822497681102
0.46186760634281565
0.4632186793873981
0.46442507264425203
0.46838235294117875
0.47029781812390836
0.4718253968254002
0.47304678223700175
0.4755040957782013
0.4775346977181874
0.4800686481004793
0.4817744687451556
0.48382364296193614
0.4842970129770432
0.48580176042862866
0.4871326328612787
0.4884285605888181
0.4907952316281902
0.4954555530924405
0.4960554449605542
0.4975760246804758
0.4992329607714216
0.5008009319935917
0.5018115942028972
0.5033571583279172
0.5032016691848321
0.5048397504839739
0.5041505653356222
0.5051759834368518
0.5067149861436777
0.5083439400367682
0.5101724744808147
0.5121951219512172
0.5135399218313763
0.5156098908689006
0.5170039928404202
0.5185109008638381
0.5204151304110297
0.5216207013959784
0.5224326342224902
0.5235874560692043
0.5244741100323588
0.5261602525354255
0.5276718195810715
0.5281064099993282
0.5293921842753442
0.5314134392585198
0.5321984692530971
0.5335043072269308
0.5345516473439399
0.5356025039123579
0.5369432541228361
0.5383223471629774
0.5397990726429618
0.5404536983484289
0.5414743589743528
0.5431507723732866
0.5453333333333273
0.5464792299898623
0.5479840999432081
0.5484437751003955
0.5490711202852251
0.5494127936031918
0.5509708737864012
0.5524978306681478
0.5537425057172816
0.5551246537396058
0.5570868553227918
0.5584050802955304
0.5596302377911514
0.5605315856544631
0.561689291101049
0.5629696423204018
0.5641855447680617
0.5653290337991088
0.5653056351480347
0.5658513360709323
0.5668857701190191
0.5685303137532364
0.5701027900146767
0.5712445849432074
0.5725208661647037
0.5720759979083074
0.5726213254478967
0.5737146158289933
0.5733563020384653
0.5741950269279174
0.5757057313943466
0.5760159136118139
0.5767923887189865
0.5780562140196331
0.5763749721665488
0.5777148881859987
0.5788804071246751
0.5799404170804301
0.5811754357028903
0.5827756922909442
0.5831431366155768
0.5841980112408036
0.5844218674407261
0.582465138644004
0.5825346112885952
0.5842749529190099
0.584206411258785
0.5842807454705806
0.5850371747211786
0.5853294184309373
0.5863076923076807
0.5870799447598469
0.5881032547699092
0.5881214343928158
0.5883160463697252
0.5885606983353511
0.5892495954692437
0.5891684348792443
0.5899569157628749
0.5905270443982861
0.5916999359258577
0.5929454296741268
0.5927875243664572
0.5932360097323454
0.5937909925666663
0.5951897018970038
0.5955484743143923
0.5958512160228769
0.5965062592222253
0.5971509971509847
0.5977436480849326
0.598609534619738
0.5984912776991862
0.5993508326277044
0.6002065145968151
0.6010108100519327
0.6011879706281161
0.601182165130772
0.6018118466898849
0.602724492632739
0.6032384917880997
0.6039617675578232
0.6046275811209337
0.6052208281630491
0.6057184818027347
0.6059399597290768
0.6066127780061099
0.607620868615123
0.6081743869209719
0.6090048466729991
0.6100654479801313
0.6091379698401891
0.6097560975609669
0.6101915399452656
0.6108872772853349
0.6115573404729951
0.6126607055473919
0.6128946316770935
0.6135034556087111
0.6141770584593539
0.6142674259479903
0.6143920376976186
0.6148811876839213
0.6160299039422739
0.6164193352425539
0.6172358568151278
0.6172567328059438
0.6178903826266766
0.6183468869669941
0.6189188028683034
0.6176370009404082
0.6182795698924692
0.6187555896256511
0.617551003096234
0.6173916708818037
0.6181334663010053
0.6176214738411827
0.617143328793693
0.6175221603793023
0.6180075682790381
0.6189246783050564
0.619246348349085
0.6199575371549889
0.6207008964955171
0.6211159915405887
0.6217675475987495
0.6223356836048302
0.6227697536108752
0.6235218145861084
0.6237819118949833
0.6242007479792504
0.6250300842358611
0.6257450298011931
0.6264223260270702
0.6268787625084731
0.6274205733826411
0.6284049006780081
0.62849449592144
0.62887861180284
0.6292347784885117
0.629918468628148
0.6305775052089496
0.630802432803612
0.6314305849189592
0.6318419614273467
0.6326204666744599
0.6334070710598853
0.6343000773395234
0.6344520047668506
0.6351195952161949
0.6354800443883248
0.6356722464266642
0.6361381415760388
0.6361044588892729
0.6365016125972343
0.6369547138429021
0.6371484581165701
0.6364663352914646
0.6368041469461404
0.6377088484303646
0.6378356143893557
0.6386557756144923
0.639224009532326
0.638601180532359
0.639055666740796
0.6392491593688859
0.6392234143493258
0.6394870113309374
0.6404331080590161
0.6409029967025496
0.641572790294637
0.6423850574712744
0.6429749103942753
0.6433551431942615
0.6439807383627716
0.6449754640495093
0.6451487114041728
0.6454947778367965
0.6459504365963276
0.6462325745544493
0.6468308494521482
0.6472263235604422
0.6475729177635161
0.6478423949241189
0.648400867800418
0.6487297599106764
0.6492620439988985
0.6498506010701257
0.6500416493127988
0.6499619561458244
0.6499809997581913
0.6505982552325908
0.6509970038227217
0.6501184468019494
0.6504081772655682
0.6499263975899618
0.6496978387790765
0.6502877379371537
0.6503361173355192
0.650485107537838
0.6508194500880538
0.6513169016465634
0.6519583038154172
0.652176843240343
0.6526684164479581
0.6529514589216223
0.6533051331117745
0.6535842474254613
0.6536295998391457
0.6540829986613262
0.6546104264769873
0.6549572991726859
0.6552401892198157
0.6555976598856682
0.6559599575709505
0.6562365484586747
0.6562768843888703
0.6567898787698755
0.6570033969856021
0.6572445147262449
0.6580235959118089
0.6585637896532636
0.658812749525507
0.6587301587301727
0.6590019569471762
0.6596693354162739
0.6601695741155973
0.6605677210056913
0.6606830972249319
0.6612434631028614
0.6621604222994865
0.66248713991771
0.6618413063624602
0.6622205284553008
0.6617330803289219
0.6617716721932897
0.6619322665151822
0.6623810424150918
0.6627047762789842
0.662992274354643
0.6629998746396055
0.663103275818972
0.6635134713246718
0.6636451421985655
0.6638344226579692
0.6643671731767362
0.664618630919151
0.6646228167967473
0.6649969078540681
0.6654008829613338
0.6658342582316121
0.6665436313863174
0.6669738014066945
0.6671884111346581
0.6673108779679908
0.6663303986304896
0.6666056389601059
0.6663319029794148
0.6665450898149177
0.6669398907104009
0.6676354828943574
0.6680875506379054
0.667179533592803
0.6672992348936881
0.6675692752053634
0.6677487225729086
0.6676564983952935
0.6679840713794032
0.6682217835995182
0.6684883234784892
0.6689895470383481
0.6696961596721227
0.6701358002728074
0.6706620497795347
0.6710409647100756
0.6698370761779142
0.6700381119906371
0.6703853361443145
0.6708187134503111
0.6710203366059092
0.6716805130447645
0.6723375792473869
0.6722976895390875
0.6728893519724652
0.672705417704151
0.6730670324018729
0.673424579412625
0.6737025009970022
0.6737129219229674
0.6741011889560672
0.6745161381733903
0.6747912243453862
0.6750063607836704
0.6744862240289287
0.6748160054141152
0.6750548893768162
0.6752813087521614
0.6751814628699273
0.675426116550919
0.6747858970081412
0.6750907529027296
0.6753847005424776
0.6749758454106498
0.6753246753246971
0.6753936791102516
0.6757373354223576
0.6762688614540682
0.6763416104807535
0.6763908291560733
0.6767618734953154
0.6762263738665129
0.6769871742504903
0.6765529874468135
0.6767334194659939
0.6771757243455518
0.6772704088481004
0.6776215347529282
0.6777751010466171
0.6767555448795095
0.6771607404448147
0.6775882227891302
0.6779980362497823
0.678059507723301
0.6785940971120423
0.6787186806216446
0.6790436228327272
0.679371606305038
0.6798127990745257
0.6801617307288517
0.6802571166207663
0.6801288599041536
0.680174531013233
0.6804990082472199
0.680754107752011
0.6810010666250546
0.6811673293313706
0.6814751419902084
0.6820170329528215
0.6821543075809398
0.6823982227733112
0.6825679547742693
0.6823354139374879
0.6830848829465789
0.6832744766876586
0.6837600286166979
0.6841407106961638
0.6845483723062894
0.6847458489078823
0.6851696743572242
0.6854231617367569
0.685701268129705
0.6859606534162811
0.6861243777322985
0.6863131313131375
0.6865178458822108
0.6869442555228154
0.6870881746391084
0.6872502450426053
0.6875737268780016
0.6879731287913023
0.6881316921845344
0.688383573939715
0.6888225043564886
0.6890248451839176
0.6893657179754665
0.6895884498027864
0.6898430149061588
0.6903225806451644
0.69039857756705
0.6908530571992141
0.6911674176947161
0.6914298336032999
0.6916384845365888
0.6919084343248878
0.6920406766402671
0.6921630400273535
0.6923920994879305
0.6927273612937801
0.6929254581295179
0.6919320749216534
0.692126595796321
0.6922330568088102
0.6924027626317704
0.6925775390719502
0.6927464771711015
0.6930097790655554
0.6932262266608764
0.6937522571325381
0.6939654135700016
0.6942041522491339
0.6943424305705562
0.6945701899355682
0.694962686567162
0.695177325303506
0.6953697733839554
0.695583709111729
0.6960363965509002
0.6963967178023519
0.69653337134982
0.6967174232721371
0.696827651515148
0.6970815004020589
0.6971566333404206
0.6974181062966072
0.6976558275140431
0.6975095650540986
0.6977730895452358
0.6979342327150027
0.6979678793838028
0.6978625882793079
0.6982559361210282
0.6984115877125406
0.6986113052798301
0.6989810161920655
0.6991360089186116
0.6991056119375261
0.6993128340390028
0.699475156643771
0.6992325243725311
0.6994497778391635
0.6987832874196462
0.6990874489842661
0.6993150684931438
0.6993405891345449
0.6994871794871725
0.6998930383923827
0.7001272958719695
0.7001363326516628
0.7003222585330352
0.7003921035334569
0.7005346382130319
0.700771720189188
0.7010418785454302
0.7011922503725703
0.7014969114928453
0.7017318649640706
0.7016277710328617
0.701772117781812
0.7015772587556847
0.7014360284069189
0.7017744064800437
0.7013004424185466
0.7015581748370309
0.7018482598711262
0.7020475458414015
0.7020006238025136
0.7022545681155465
0.7024508495685353
0.7026468431228664
0.7028005418970754
0.7024672474562662
0.7014110049539902
0.7011007433878106
0.7013659396342721
0.7014744984288034
0.7018260029848028
0.7019321446586299
0.7017889596881812
0.7020904399545076
0.7021890155983642
0.7022196032213606
0.702322538436365
0.7023801746477535
0.7025480340318011
0.7025627637819146
0.7022723322905696
0.7024692965325587
0.7026991869918591
0.7029672947801494
0.7031317588026532
0.7031489766366136
0.7031860048749855
0.7033540265562909
0.7035961004583775
0.7039544379969788
0.7042951896451676
0.7043733779464947
0.7045586060566968
0.7048762736535537
0.7049250443745727
0.7051117664657732
0.7051748728100841
0.7053932201947879
0.7054283345027601
0.7054826517178258
0.7058711277908378
0.7061601338330745
0.7063874788493922
0.706682723796228
0.706808492676528
0.7069851702055785
0.7071918528805119
0.7067196501408521
0.7066280485245188
0.7067975007338284
0.7068828285367017
0.7072665662650437
0.7073904594746904
0.7075371217342107
0.7073165644683439
0.7074527947980329
0.7076125647910907
0.707779649385472
0.7074113320451124
0.7075266139575259
0.7076754113307474
0.7079116740133522
0.7080877639224764
0.7083591459133354
0.7083823317034756
0.7085703685381969
0.7087322667654817
0.70899666790076
0.7092452171053808
0.7093464655791346
0.7094637547421125
0.7097289656443799
0.7099394385792435
0.7099654672142682
0.7099196148039146
0.7100589302828055
0.7098855909775473
0.7099228875460148
0.7100989777045926
0.7102923264311625
0.7103406326033872
0.7104585891746014
0.7104933025777799
0.710728433988177
0.7109711031683336
0.7109900090826329
0.7109028617492755
0.7108361002112696
0.7109838207215161
0.7111392201742565
0.7110910549538513
0.7113674597452336
0.7117257654846704
0.7118887823585608
0.7120631881282704
0.7122498604799283
0.7106869623815575
0.7108471892319694
0.7109225077650324
0.710483186225127
0.7104926989367566
0.7105742667371795
0.710355041116154
0.7105616142765256
0.710676066732676
0.7107940205785043
0.7109431036153675
0.7112931017792247
0.7114554917096897
0.7116265584227064
0.7119439295643868
0.7121071910545342
0.7115295748613427
0.7116742673516654
0.7118494164695678
0.711955268618836
0.7120976564748985
0.7125227555810805
0.7123552493061288
0.7126911314984461
0.7128287400446665
0.7129905329057621
0.7130620576508269
0.7132620585824841
0.7134559719682869
0.713663260840586
0.713226487195549
0.713355358092175
0.7131610896122369
0.7133215795559854
0.7134007729029072
0.7135801067332549
0.7136560543290894
0.7134088762983691
0.7136604599392274
0.7138901446654349
0.7139685406788323
0.7138684491377573
0.714088036201774
0.7142777061494192
0.7142190620159098
0.7144694893450136
0.7148601105712571
0.715029761904734
0.7151832850025744
0.7153203342618103
0.7155684179281404
0.7158366681487786
0.7161021654636031
0.7163773501192109
0.7165604507250111
0.7166103946421369
0.7164195557515
0.7165730233924276
0.7159413911352877
0.7161382493543302
0.716338146744969
0.716480140443244
0.7167077738192813
0.7168017228792224
0.7165958065336369
0.7167873409911316
0.7165307232191099
0.7167834066351428
0.7170544737936084
0.7172417528844276
0.7174838546739952
0.7176385889128548
0.717821515233184
0.7178851714167378
0.7181805137035123
0.7184448624921296
0.7186286614060191
0.7186353959820065
0.7187276753821643
0.7187042394370896
0.7187828847628397
0.7189248921683623
0.7186221130920275
0.7189026882006667
0.7190225016427465
0.7184161573212536
0.7186537849028234
0.7186997046390788
0.7186567032345494
0.7184585823328953
0.7179988033646247
0.7181556094645108
0.7183702142605927
0.7185723310170237
0.7187593147826372
0.7184535685532947
0.7186172165975651
0.7187036163933528
0.7188868533542376
0.7190147474113259
0.7193028276918464
0.7196076385265248
0.7197775460548855
0.7198568624385171
0.7198895603250349
0.720058997050115
0.7186450652542343
0.7189434014451843
0.719202804690571
0.7193518326775405
0.7190542659704304
0.719408738148058
0.7196899384689092
0.7198866563626666
0.7200686400686073
0.7202962658162412
0.7204660327250594
0.7202767411345358
0.7204235181969485
0.720478782021902
0.7205815076500419
0.7207349081364459
0.720670013352903
0.7207777946716302
0.7208635036372779
0.7209463105355083
0.7210880916287313
0.7212320121181147
0.7214234061516873
0.7217211669269539
0.7218503045250543
0.7220965119591987
0.722275262549583
0.7224871576058388
0.722579026593038
0.722350384486756
0.7222862102925832
0.7224168418242716
0.7226693326667959
0.722838211300865
0.7227210748611156
0.72283132329974
0.7229857583905608
0.7229607501451785
0.7231118626085423
0.7230119284293854
0.7231823599522859
0.7235090851974552
0.7237774364563849
0.7239358980706316
0.7241515781141394
0.7233343145912643
0.7234508573202805
0.7235565140672063
0.723773141345829
0.723913469068086
0.7241885021509157
0.724344569288347
0.7244884681695025
0.7246306139366614
0.7247295057997423
0.7248782862706481
0.7251001183585022
0.725254783778048
0.7254787690414475
0.7256823179407148
0.7256402803345501
0.7255215139634633
0.7256257756716689
0.725701491575615
0.7254183343781216
0.7254788811412558
0.725461006530882
0.7256021495057615
0.7256255392579368
0.7258046499752218
0.7260219373763984
0.7261079504708644
0.7259248642364154
0.7260762313996536
0.7261910443012365
0.7263233190271375
0.7264122476852514
0.7264993889761341
0.7265575434589079
0.7265424470006216
0.72672587104838
0.7269177259216657
0.7270617213774366
0.7271234866063234
0.7273013921076666
0.7274603399656127
0.7274516286465026
0.7273141814865041
0.7274883005119066
0.7276108861474272
0.7277233935742529
0.7277385989656354
0.727871674491349
0.7280471412047455
0.7282070505911503
0.7283540154530118
0.7285642993044071
0.728491863468016
0.7286702417035383
0.7288512012921016
0.7290726000402973
0.7291937984495677
0.7292887029288256
0.7295372563590037
0.7294141301657555
0.7295626641940514
0.7296675468259765
0.7296759259258804
0.7298951588035314
0.7301139864448095
0.7302070832948244
0.7303322417477207
0.7304673701023975
0.7305330385654168
0.7308588599637724
0.7310691361428534
0.7309971065080155
0.7310899937259495
0.7311980911301348
0.7313079472727099
0.7314865689865239
0.7316280772398195
0.7317723815185294
0.7319502833119638
0.7320207695704025
0.7321558963124775
0.7322658637835411
0.7322190341728074
0.7322498899864495
0.7323903089844601
0.7325940738047179
0.7327430949677943
0.7328312387519775
0.7329101488702033
0.7331823671497133
0.7333122095479061
0.7334509218638836
0.7334598126900503
0.7335981104541379
0.7335858016620378
0.7336667567810667
0.7338196445724813
0.7339693110740673
0.7341904933165045
0.7343127564620505
0.7344647988505292
0.7346456810605946
0.7347761795939861
0.7349509057808365
0.7350454118383516
0.735208202927017
0.7354001012537151
0.7356296197147046
0.7356598475731617
0.7357462974504665
0.7354885568599124
0.7353115375503004
0.735434702182717
0.735393059490044
0.7353596130306779
0.7354588602929931
0.7356748398497497
0.7357885130559813
0.7358684783247643
0.7360131640808254
0.7359985910531481
0.736148376218713
0.7362142993214831
0.7363728203100591
0.7365018065855878
0.7366152317493337
0.7366422803404951
0.7367391907075465
0.7368044920877627
0.73662893191715
0.73655094306744
0.7366244395106537
0.7367589047452964
0.7369214271222457
0.7370561755467414
0.7372314449597299
0.7373260580864632
0.7374524056766735
0.737707279825933
0.7377773937586994
0.7378393543096076
0.7379360903876538
0.7380583082004588
0.738177177435516
0.7381249193998768
0.7382813618531916
0.7384027807578144
0.7385606905027019
0.7387144224040397
0.7388313208300945
0.7389592605271894
0.739064727687455
0.7391087557340813
0.7391904782243216
0.7393259066398927
0.7394856493321709
0.7396569838430047
0.7398200959109872
0.7399532213480505
0.7401900392256571
0.7402137750406771
0.7403697887931395
0.7404547768538696
0.740505256018965
0.7401487354673449
0.740352502034727
0.7403200246819909
0.7404666806810838
0.7405556022291127
0.7405961376993955
0.7407873399317623
0.7408183214634672
0.7410538651487728
0.7410599721059816
0.7411727001644082
0.7412326497654006
0.7414392611755399
0.7415777184789719
0.7417419919190098
0.7419072979944945
0.7420083728409306
0.7420244081508134
0.7419676214196643
0.7418944515879148
0.7420463960231864
0.7420156580091843
0.7412830375977052
0.7412523781950418
0.7410909691538891
0.7412450826662155
0.7413883161511918
0.7414534316755147
0.74163578976258
0.7417396428620274
0.7418197257947335
0.74188560481663
0.7420382601085631
0.7421708476799386
0.7423292777845963
0.7424540145188494
0.7426032680540143
0.7425975865544305
0.7424785489301571
0.7424328645367554
0.7426045516699805
0.7427728852995655
0.7429262819212906
0.7415898431182221
0.7412455807826157
0.7413716725061366
0.7414218645204517
0.7415953156195106
0.7417761176045268
0.7418202256212576
0.7418228518681986
0.7419113321567962
0.7420471094365804
0.7419479704747758
0.7421131964731112
0.742190937087546
0.7423600564836244
0.742524054777016
0.7426545894683607
0.7427800592746141
0.7429451681871877
0.7431467770612716
0.7430715782215476
0.7429739599872964
0.7429489468047114
0.7424590596936061
0.7425784395253352
0.742633390024917
0.742749901224812
0.7428789554046226
0.7422569280117784
0.7423931893425819
0.7425662021363147
0.74269489035778
0.7427638823344346
0.7428391811716639
0.742876597527761
0.742978667713651
0.7431220252105247
0.7432379459035686
0.7432160672778096
0.7432975696347941
0.7434050880626238
0.7433631778551053
0.7432472891527069
0.743367665418229
0.7434148116382745
0.7435827523078741
0.7437135072012477
0.7439078135531729
0.7438384151860807
0.7440042383832166
0.7441271809177015
0.7442073603635051
0.7443072596147693
0.7444465931799187
0.7445659876567122
0.7446655076942942
0.74471563553977
0.7448346841631343
0.7446762025934693
0.7442069452468117
0.7442802913717099
0.7444414542565384
0.7445302198153975
0.744606525911715
0.7446849336096467
0.7444555163779515
0.7445521044770474
0.7445358851674715
0.744635275217083
0.7446775981347784
0.7447789323553462
0.744896791178611
0.7444440208897273
0.7444715261380739
0.7438705915164506
0.7435283687943346
0.7436072712542492
0.743644255469935
0.7436373980656257
0.7437093206951112
0.743649981685684
0.7430547681143053
0.74256244032364
0.7404720050865875
0.7405662728677568
0.7407670189327497
0.7409010622683324
0.7407517751626248
0.7408909896162915
0.7409942586461369
0.7410614732773416
0.7410253554590401
0.7411379097093445
0.7413531047266049
0.7410821148744579
0.7412326131991768
0.7413213057784078
0.7413975713687588
0.7414903177358457
0.7415623884931097
0.7416768131449225
0.7408606105185768
0.7408986753911985
0.7409339750891026
0.7408576497216653
0.7407162857806675
0.7407448147740787
0.7408832221978012
0.7409821657450516
0.7411500646514965
0.7412866181472453
0.7413540981209376
0.7414170927684491
0.7415276408814955
0.741054064566321
0.741089114927028
0.7411401782894943
0.741233021375774
0.7413150837853298
